0 0.9722222222222222 0.10069444444444445 0.05555555555555555 0.2013888888888889
0 0.2986111111111111 0.1111111111111111 0.4409722222222222 0.06597222222222222
0 0.9366319444444444 0.3229166666666667 0.07465277777777778 0.3229166666666667
0 0.3020833333333333 0.375 0.2326388888888889 0.059027777777777776
0 0.3715277777777778 0.4184027777777778 0.1076388888888889 0.10069444444444445
0 0.4722222222222222 0.7751736111111112 0.2326388888888889 0.0642361111111111
0 0.7586805555555556 0.7456597222222222 0.2152777777777778 0.07465277777777778
0 0.8090277777777778 0.6458333333333334 0.08333333333333333 0.03819444444444445
0 0.8159722222222222 0.5833333333333334 0.10069444444444445 0.034722222222222224
0 0.8576388888888888 0.4930555555555556 0.06597222222222222 0.06597222222222222
0 0.8454861111111112 0.5598958333333334 0.041666666666666664 0.03298611111111111
0 0.9444444444444444 0.5642361111111112 0.041666666666666664 0.041666666666666664
0 0.9748263888888888 0.6458333333333334 0.050347222222222224 0.041666666666666664
0 0.4314236111111111 0.5138888888888888 0.057291666666666664 0.5555555555555556
0 0.953125 0.6154513888888888 0.059027777777777776 0.03298611111111111
1 0.6883680555555556 0.2673611111111111 0.057291666666666664 0.059027777777777776
1 0.6588541666666666 0.4088541666666667 0.09895833333333333 0.1267361111111111
1 0.6336805555555556 0.515625 0.08333333333333333 0.06597222222222222
1 0.3359375 0.8810763888888888 0.09895833333333333 0.11631944444444445
1 0.8333333333333334 0.1545138888888889 0.017361111111111112 0.024305555555555556
1 0.3602430555555556 0.5486111111111112 0.03298611111111111 0.034722222222222224
1 0.7881944444444444 0.4739583333333333 0.041666666666666664 0.04861111111111111
1 0.5381944444444444 0.9453125 0.041666666666666664 0.043402777777777776
1 0.8211805555555556 0.8324652777777778 0.041666666666666664 0.03298611111111111
1 0.8411458333333334 0.2769097222222222 0.03298611111111111 0.03298611111111111
1 0.3515625 0.6128472222222222 0.03298611111111111 0.041666666666666664
