1 0.1657986111111111 0.8802083333333334 0.3315972222222222 0.23958333333333334
1 0.8420138888888888 0.1111111111111111 0.10069444444444445 0.08680555555555555
2 0.7065972222222222 0.4357638888888889 0.2847222222222222 0.2986111111111111
2 0.9027777777777778 0.4991319444444444 0.1840277777777778 0.421875
2 0.2230902777777778 0.2421875 0.2829861111111111 0.2309027777777778
2 0.6527777777777778 0.8611111111111112 0.16666666666666666 0.2152777777777778
2 0.9548611111111112 0.8802083333333334 0.09027777777777778 0.07291666666666667
1 0.4097222222222222 0.4887152777777778 0.0798611111111111 0.050347222222222224
1 0.4513888888888889 0.765625 0.04513888888888889 0.041666666666666664
1 0.3741319444444444 0.9505208333333334 0.07465277777777778 0.057291666666666664
