1 0.20833333333333334 0.05381944444444445 0.2604166666666667 0.1076388888888889
1 0.7569444444444444 0.22569444444444445 0.052083333333333336 0.03819444444444445
1 0.8940972222222222 0.7482638888888888 0.05555555555555555 0.027777777777777776
0 0.013020833333333334 0.4366319444444444 0.026041666666666668 0.026041666666666668
0 0.0234375 0.4748263888888889 0.012152777777777778 0.057291666666666664
0 0.03211805555555555 0.5017361111111112 0.012152777777777778 0.010416666666666666
0 0.03819444444444445 0.4956597222222222 0.013888888888888888 0.026041666666666668
0 0.04600694444444445 0.4887152777777778 0.008680555555555556 0.012152777777777778
0 0.05295138888888889 0.4826388888888889 0.008680555555555556 0.017361111111111112
0 0.059027777777777776 0.4748263888888889 0.006944444444444444 0.019097222222222224
0 0.08159722222222222 0.4626736111111111 0.03819444444444445 0.019097222222222224
0 0.10503472222222222 0.4826388888888889 0.012152777777777778 0.027777777777777776
0 0.09461805555555555 0.5008680555555556 0.012152777777777778 0.012152777777777778
0 0.08680555555555555 0.515625 0.010416666666666666 0.020833333333333332
0 0.0876736111111111 0.5355902777777778 0.012152777777777778 0.022569444444444444
0 0.11197916666666667 0.5460069444444444 0.03993055555555555 0.012152777777777778
0 0.1440972222222222 0.5876736111111112 0.03125 0.078125
0 0.1076388888888889 0.625 0.04861111111111111 0.017361111111111112
0 0.0842013888888889 0.6371527777777778 0.008680555555555556 0.010416666666666666
0 0.07291666666666667 0.6571180555555556 0.027777777777777776 0.036458333333333336
0 0.09809027777777778 0.6631944444444444 0.03993055555555555 0.013888888888888888
0 0.109375 0.6753472222222222 0.010416666666666666 0.020833333333333332
0 0.09722222222222222 0.6987847222222222 0.017361111111111112 0.043402777777777776
0 0.12065972222222222 0.7413194444444444 0.046875 0.0625
0 0.16145833333333334 0.7465277777777778 0.04861111111111111 0.03125
0 0.19444444444444445 0.7873263888888888 0.024305555555555556 0.0642361111111111
0 0.1796875 0.8194444444444444 0.015625 0.041666666666666664
0 0.1987847222222222 0.8463541666666666 0.043402777777777776 0.036458333333333336
0 0.21354166666666666 0.8923611111111112 0.03819444444444445 0.05555555555555555
0 0.2578125 0.9201388888888888 0.06770833333333333 0.027777777777777776
0 0.2838541666666667 0.9418402777777778 0.019097222222222224 0.03298611111111111
0 0.3055555555555556 0.9756944444444444 0.027777777777777776 0.04513888888888889
1 0.8359375 0.07465277777777778 0.03993055555555555 0.04513888888888889
