0 0.3125 0.9609375 0.625 0.078125
0 0.3836805555555556 0.4253472222222222 0.04861111111111111 0.8506944444444444
0 0.7005208333333334 0.3993055555555556 0.5642361111111112 0.4236111111111111
0 0.0642361111111111 0.6970486111111112 0.1284722222222222 0.050347222222222224
0 0.953125 0.08680555555555555 0.07291666666666667 0.1736111111111111
1 0.7664930555555556 0.6519097222222222 0.11631944444444445 0.1579861111111111
1 0.9696180555555556 0.8168402777777778 0.03993055555555555 0.057291666666666664
1 0.9739583333333334 0.7430555555555556 0.017361111111111112 0.024305555555555556
1 0.3098958333333333 0.7135416666666666 0.03298611111111111 0.017361111111111112
1 0.3932291666666667 0.8090277777777778 0.03298611111111111 0.041666666666666664
1 0.2682291666666667 0.5677083333333334 0.03298611111111111 0.0763888888888889
1 0.23958333333333334 0.24479166666666666 0.041666666666666664 0.041666666666666664
1 0.8081597222222222 0.9826388888888888 0.050347222222222224 0.034722222222222224
1 0.20225694444444445 0.5121527777777778 0.03298611111111111 0.041666666666666664
1 0.12760416666666666 0.2222222222222222 0.050347222222222224 0.024305555555555556
1 0.057291666666666664 0.17274305555555555 0.041666666666666664 0.026041666666666668
1 0.1032986111111111 0.14756944444444445 0.03298611111111111 0.024305555555555556
1 0.546875 0.2065972222222222 0.041666666666666664 0.041666666666666664
1 0.5182291666666666 0.3263888888888889 0.03298611111111111 0.034722222222222224
1 0.9036458333333334 0.390625 0.057291666666666664 0.041666666666666664
1 0.9661458333333334 0.4157986111111111 0.03298611111111111 0.026041666666666668
1 0.0685763888888889 0.8506944444444444 0.1371527777777778 0.14930555555555555
1 0.05381944444444445 0.05295138888888889 0.017361111111111112 0.015625
2 0.8159722222222222 0.8784722222222222 0.2152777777777778 0.24305555555555555
2 0.890625 0.6866319444444444 0.13194444444444445 0.1579861111111111
2 0.5842013888888888 0.7239583333333334 0.1996527777777778 0.2326388888888889
2 0.2734375 0.3506944444444444 0.1579861111111111 0.6215277777777778
2 0.6710069444444444 0.4427083333333333 0.140625 0.2326388888888889
2 0.8368055555555556 0.3472222222222222 0.059027777777777776 0.059027777777777776
2 0.6258680555555556 0.06944444444444445 0.3315972222222222 0.1388888888888889
2 0.2560763888888889 0.8845486111111112 0.140625 0.050347222222222224
