0 0.9444444444444444 0.10069444444444445 0.08333333333333333 0.2013888888888889
0 0.2569444444444444 0.1111111111111111 0.4409722222222222 0.06597222222222222
0 0.8949652777777778 0.3229166666666667 0.07465277777777778 0.3229166666666667
0 0.2604166666666667 0.375 0.2326388888888889 0.059027777777777776
0 0.3298611111111111 0.4184027777777778 0.1076388888888889 0.10069444444444445
0 0.4305555555555556 0.7751736111111112 0.2326388888888889 0.0642361111111111
0 0.7170138888888888 0.7456597222222222 0.2152777777777778 0.07465277777777778
0 0.7673611111111112 0.6458333333333334 0.08333333333333333 0.03819444444444445
0 0.7743055555555556 0.5833333333333334 0.10069444444444445 0.034722222222222224
0 0.8159722222222222 0.4930555555555556 0.06597222222222222 0.06597222222222222
0 0.8038194444444444 0.5598958333333334 0.041666666666666664 0.03298611111111111
0 0.9027777777777778 0.5642361111111112 0.041666666666666664 0.041666666666666664
0 0.953125 0.6458333333333334 0.09027777777777778 0.041666666666666664
0 0.3897569444444444 0.5138888888888888 0.057291666666666664 0.5555555555555556
0 0.9114583333333334 0.6154513888888888 0.059027777777777776 0.03298611111111111
1 0.6467013888888888 0.2673611111111111 0.057291666666666664 0.059027777777777776
1 0.6171875 0.4088541666666667 0.09895833333333333 0.1267361111111111
1 0.5920138888888888 0.515625 0.08333333333333333 0.06597222222222222
1 0.2942708333333333 0.8810763888888888 0.09895833333333333 0.11631944444444445
1 0.7916666666666666 0.1545138888888889 0.017361111111111112 0.024305555555555556
1 0.3185763888888889 0.5486111111111112 0.03298611111111111 0.034722222222222224
1 0.7465277777777778 0.4739583333333333 0.041666666666666664 0.04861111111111111
1 0.4965277777777778 0.9453125 0.041666666666666664 0.043402777777777776
1 0.7795138888888888 0.8324652777777778 0.041666666666666664 0.03298611111111111
1 0.7994791666666666 0.2769097222222222 0.03298611111111111 0.03298611111111111
1 0.3098958333333333 0.6128472222222222 0.03298611111111111 0.041666666666666664
2 0.6753472222222222 0.1796875 0.3854166666666667 0.359375
2 0.2890625 0.07378472222222222 0.14756944444444445 0.14756944444444445
2 0.6423611111111112 0.9401041666666666 0.10069444444444445 0.11979166666666667
