0 0.09722222222222222 0.9539930555555556 0.19444444444444445 0.078125
0 0.2595486111111111 0.9097222222222222 0.2170138888888889 0.0625
0 0.3723958333333333 0.8671875 0.0954861111111111 0.05381944444444445
0 0.4105902777777778 0.7847222222222222 0.109375 0.15625
0 0.5112847222222222 0.7317708333333334 0.16145833333333334 0.06770833333333333
0 0.6067708333333334 0.6432291666666666 0.07118055555555555 0.140625
0 0.6588541666666666 0.5963541666666666 0.0954861111111111 0.07118055555555555
0 0.7256944444444444 0.4192708333333333 0.125 0.3315972222222222
0 0.7135416666666666 0.13368055555555555 0.14930555555555555 0.2673611111111111
0 0.9722222222222222 0.09027777777777778 0.05555555555555555 0.18055555555555555
0 0.7942708333333334 0.6588541666666666 0.1684027777777778 0.10243055555555555
