1 0.20833333333333334 0.1362847222222222 0.2604166666666667 0.1684027777777778
1 0.7569444444444444 0.3385416666666667 0.052083333333333336 0.03819444444444445
1 0.8940972222222222 0.8611111111111112 0.05555555555555555 0.027777777777777776
2 0.5208333333333334 0.3671875 0.2013888888888889 0.08506944444444445
2 0.3871527777777778 0.3072916666666667 0.09375 0.08333333333333333
2 0.4782986111111111 0.3081597222222222 0.078125 0.05381944444444445
0 0.013020833333333334 0.5494791666666666 0.026041666666666668 0.026041666666666668
0 0.0234375 0.5876736111111112 0.012152777777777778 0.057291666666666664
0 0.03211805555555555 0.6145833333333334 0.012152777777777778 0.010416666666666666
0 0.03819444444444445 0.6085069444444444 0.013888888888888888 0.026041666666666668
0 0.04600694444444445 0.6015625 0.008680555555555556 0.012152777777777778
0 0.05295138888888889 0.5954861111111112 0.008680555555555556 0.017361111111111112
0 0.059027777777777776 0.5876736111111112 0.006944444444444444 0.019097222222222224
0 0.08159722222222222 0.5755208333333334 0.03819444444444445 0.019097222222222224
0 0.10503472222222222 0.5954861111111112 0.012152777777777778 0.027777777777777776
0 0.09461805555555555 0.6137152777777778 0.012152777777777778 0.012152777777777778
0 0.08680555555555555 0.6284722222222222 0.010416666666666666 0.020833333333333332
0 0.0876736111111111 0.6484375 0.012152777777777778 0.022569444444444444
0 0.11197916666666667 0.6588541666666666 0.03993055555555555 0.012152777777777778
0 0.1440972222222222 0.7005208333333334 0.03125 0.078125
0 0.1076388888888889 0.7378472222222222 0.04861111111111111 0.017361111111111112
0 0.0842013888888889 0.75 0.008680555555555556 0.010416666666666666
0 0.07291666666666667 0.7699652777777778 0.027777777777777776 0.036458333333333336
0 0.09809027777777778 0.7760416666666666 0.03993055555555555 0.013888888888888888
0 0.109375 0.7881944444444444 0.010416666666666666 0.020833333333333332
0 0.09722222222222222 0.8116319444444444 0.017361111111111112 0.043402777777777776
0 0.12065972222222222 0.8541666666666666 0.046875 0.0625
0 0.16145833333333334 0.859375 0.04861111111111111 0.03125
0 0.19444444444444445 0.9001736111111112 0.024305555555555556 0.0642361111111111
0 0.1796875 0.9322916666666666 0.015625 0.041666666666666664
0 0.1987847222222222 0.9592013888888888 0.043402777777777776 0.036458333333333336
0 0.21354166666666666 0.9887152777777778 0.03819444444444445 0.022569444444444444
1 0.8359375 0.1875 0.03993055555555555 0.04513888888888889
