1 0.2960069444444444 0.5199652777777778 0.07465277777777778 0.1440972222222222
1 0.11631944444444445 0.859375 0.08333333333333333 0.11805555555555555
1 0.3940972222222222 0.5850694444444444 0.052083333333333336 0.0763888888888889
1 0.5217013888888888 0.6302083333333334 0.06076388888888889 0.06597222222222222
1 0.453125 0.3315972222222222 0.052083333333333336 0.0763888888888889
0 0.08854166666666667 0.1015625 0.17708333333333334 0.06770833333333333
0 0.2092013888888889 0.14322916666666666 0.08854166666666667 0.08506944444444445
0 0.3932291666666667 0.20225694444444445 0.296875 0.078125
0 0.6319444444444444 0.08680555555555555 0.059027777777777776 0.1736111111111111
0 0.7065972222222222 0.9930555555555556 0.034722222222222224 0.013888888888888888
0 0.7265625 0.9348958333333334 0.050347222222222224 0.13020833333333334
0 0.6918402777777778 0.8402777777777778 0.036458333333333336 0.09027777777777778
0 0.7413194444444444 0.7890625 0.09027777777777778 0.043402777777777776
0 0.8246527777777778 0.7560763888888888 0.09375 0.03298611111111111
2 0.9314236111111112 0.8802083333333334 0.13368055555555555 0.20833333333333334
2 0.4670138888888889 0.9375 0.14583333333333334 0.06597222222222222
2 0.05642361111111111 0.2586805555555556 0.11284722222222222 0.1909722222222222
2 0.2829861111111111 0.04079861111111111 0.1701388888888889 0.08159722222222222
