1 0.4114583333333333 0.027777777777777776 0.020833333333333332 0.020833333333333332
1 0.8828125 0.043402777777777776 0.07118055555555555 0.0763888888888889
1 0.9722222222222222 0.17708333333333334 0.024305555555555556 0.024305555555555556
1 0.7083333333333334 0.042534722222222224 0.020833333333333332 0.022569444444444444
1 0.026909722222222224 0.15625 0.012152777777777778 0.013888888888888888
1 0.7925347222222222 0.9722222222222222 0.03298611111111111 0.034722222222222224
1 0.78125 0.8081597222222222 0.020833333333333332 0.026041666666666668
1 0.9201388888888888 0.609375 0.020833333333333332 0.024305555555555556
0 0.06944444444444445 0.2361111111111111 0.1388888888888889 0.03819444444444445
0 0.19270833333333334 0.2074652777777778 0.12152777777777778 0.029513888888888888
0 0.4201388888888889 0.25 0.3402777777777778 0.03819444444444445
0 0.6458333333333334 0.3307291666666667 0.034722222222222224 0.17881944444444445
0 0.7256944444444444 0.4157986111111111 0.017361111111111112 0.06076388888888889
0 0.7717013888888888 0.4782986111111111 0.026041666666666668 0.0920138888888889
0 0.8046875 0.4626736111111111 0.0642361111111111 0.015625
0 0.8524305555555556 0.4418402777777778 0.04861111111111111 0.008680555555555556
0 0.9027777777777778 0.4348958333333333 0.059027777777777776 0.022569444444444444
0 0.8081597222222222 0.5347222222222222 0.026041666666666668 0.04513888888888889
0 0.7352430555555556 0.5885416666666666 0.15104166666666666 0.024305555555555556
0 0.6163194444444444 0.703125 0.024305555555555556 0.1875
0 0.5347222222222222 0.8159722222222222 0.017361111111111112 0.09027777777777778
0 0.5234375 0.9192708333333334 0.029513888888888888 0.1232638888888889
0 0.8993055555555556 0.3012152777777778 0.09722222222222222 0.008680555555555556
0 0.890625 0.3446180555555556 0.0625 0.015625
0 0.9574652777777778 0.24305555555555555 0.0642361111111111 0.017361111111111112
1 0.8072916666666666 0.203125 0.03819444444444445 0.034722222222222224
1 0.3472222222222222 0.4505208333333333 0.020833333333333332 0.029513888888888888
1 0.9505208333333334 0.7178819444444444 0.029513888888888888 0.026041666666666668
1 0.8845486111111112 0.8289930555555556 0.03298611111111111 0.046875
1 0.1597222222222222 0.9279513888888888 0.034722222222222224 0.026041666666666668
1 0.3428819444444444 0.008680555555555556 0.029513888888888888 0.017361111111111112
1 0.08680555555555555 0.1545138888888889 0.020833333333333332 0.020833333333333332
2 0.9826388888888888 0.4149305555555556 0.034722222222222224 0.1388888888888889
2 0.6067708333333334 0.9036458333333334 0.07465277777777778 0.13020833333333334
