0 0.041666666666666664 0.09027777777777778 0.08333333333333333 0.18055555555555555
0 0.07465277777777778 0.2387152777777778 0.1076388888888889 0.1892361111111111
0 0.11371527777777778 0.3741319444444444 0.06770833333333333 0.11284722222222222
0 0.1840277777777778 0.3940972222222222 0.09722222222222222 0.041666666666666664
0 0.22916666666666666 0.3550347222222222 0.0625 0.06770833333333333
0 0.3177083333333333 0.3055555555555556 0.1388888888888889 0.04861111111111111
0 0.3671875 0.1328125 0.06076388888888889 0.265625
2 0.7612847222222222 0.9192708333333334 0.4739583333333333 0.16145833333333334
2 0.8185763888888888 0.6501736111111112 0.359375 0.3142361111111111
2 0.8376736111111112 0.11979166666666667 0.3211805555555556 0.23958333333333334
