1 0.22135416666666666 0.2387152777777778 0.1440972222222222 0.10590277777777778
1 0.3498263888888889 0.6449652777777778 0.11979166666666667 0.10590277777777778
1 0.7751736111111112 0.3654513888888889 0.0642361111111111 0.078125
1 0.7369791666666666 0.2482638888888889 0.050347222222222224 0.034722222222222224
1 0.4765625 0.21961805555555555 0.0642361111111111 0.05381944444444445
1 0.6753472222222222 0.6336805555555556 0.059027777777777776 0.052083333333333336
1 0.1171875 0.7734375 0.06076388888888889 0.057291666666666664
0 0.1449652777777778 0.9782986111111112 0.2899305555555556 0.043402777777777776
0 0.7447916666666666 0.9288194444444444 0.059027777777777776 0.1423611111111111
0 0.8932291666666666 0.7057291666666666 0.1684027777777778 0.05381944444444445
0 0.7751736111111112 0.7821180555555556 0.08506944444444445 0.1440972222222222
