0 0.2795138888888889 0.024305555555555556 0.059027777777777776 0.04861111111111111
0 0.3810763888888889 0.07725694444444445 0.15104166666666666 0.050347222222222224
1 0.1840277777777778 0.5651041666666666 0.1875 0.13368055555555555
1 0.20052083333333334 0.7447916666666666 0.050347222222222224 0.0625
0 0.34375 0.12413194444444445 0.03819444444444445 0.043402777777777776
0 0.3203125 0.1736111111111111 0.03993055555555555 0.04861111111111111
0 0.375 0.20225694444444445 0.08680555555555555 0.019097222222222224
0 0.3993055555555556 0.2465277777777778 0.027777777777777776 0.0798611111111111
0 0.4322916666666667 0.3003472222222222 0.05555555555555555 0.03125
0 0.5225694444444444 0.4782986111111111 0.04861111111111111 0.2795138888888889
0 0.4817708333333333 0.3307291666666667 0.0954861111111111 0.03993055555555555
0 0.5538194444444444 0.6241319444444444 0.06944444444444445 0.029513888888888888
0 0.5720486111111112 0.6527777777777778 0.029513888888888888 0.03125
1 0.6536458333333334 0.9192708333333334 0.029513888888888888 0.05381944444444445
0 0.4123263888888889 0.12065972222222222 0.015625 0.029513888888888888
0 0.4461805555555556 0.140625 0.06597222222222222 0.027777777777777776
0 0.4991319444444444 0.17708333333333334 0.03993055555555555 0.05555555555555555
0 0.5434027777777778 0.1796875 0.059027777777777776 0.050347222222222224
0 0.5694444444444444 0.22569444444444445 0.034722222222222224 0.06944444444444445
0 0.6128472222222222 0.2734375 0.06944444444444445 0.015625
0 0.6553819444444444 0.3229166666666667 0.015625 0.041666666666666664
0 0.6440972222222222 0.2925347222222222 0.013888888888888888 0.026041666666666668
0 0.6736111111111112 0.3411458333333333 0.034722222222222224 0.015625
0 0.6875 0.3628472222222222 0.020833333333333332 0.03819444444444445
0 0.6770833333333334 0.390625 0.013888888888888888 0.024305555555555556
0 0.6979166666666666 0.4045138888888889 0.04513888888888889 0.013888888888888888
0 0.7265625 0.4105902777777778 0.019097222222222224 0.012152777777777778
0 0.7604166666666666 0.4461805555555556 0.03125 0.052083333333333336
0 0.7395833333333334 0.4192708333333333 0.013888888888888888 0.015625
0 0.7916666666666666 0.4704861111111111 0.052083333333333336 0.024305555555555556
0 0.8307291666666666 0.4904513888888889 0.043402777777777776 0.026041666666666668
0 0.8559027777777778 0.5234375 0.017361111111111112 0.046875
0 0.8888888888888888 0.5494791666666666 0.052083333333333336 0.026041666666666668
0 0.9123263888888888 0.5876736111111112 0.012152777777777778 0.057291666666666664
0 0.9210069444444444 0.6145833333333334 0.012152777777777778 0.010416666666666666
0 0.9270833333333334 0.6085069444444444 0.013888888888888888 0.026041666666666668
0 0.9348958333333334 0.6015625 0.008680555555555556 0.012152777777777778
0 0.9418402777777778 0.5954861111111112 0.008680555555555556 0.017361111111111112
0 0.9479166666666666 0.5876736111111112 0.006944444444444444 0.019097222222222224
0 0.9704861111111112 0.5755208333333334 0.03819444444444445 0.019097222222222224
0 0.9939236111111112 0.5954861111111112 0.012152777777777778 0.027777777777777776
0 0.9835069444444444 0.6137152777777778 0.012152777777777778 0.012152777777777778
0 0.9756944444444444 0.6284722222222222 0.010416666666666666 0.020833333333333332
0 0.9765625 0.6484375 0.012152777777777778 0.022569444444444444
0 0.9904513888888888 0.6588541666666666 0.019097222222222224 0.012152777777777778
0 0.9861111111111112 0.7378472222222222 0.027777777777777776 0.017361111111111112
0 0.9730902777777778 0.75 0.008680555555555556 0.010416666666666666
0 0.9618055555555556 0.7699652777777778 0.027777777777777776 0.036458333333333336
0 0.9835069444444444 0.7760416666666666 0.03298611111111111 0.013888888888888888
0 0.9965277777777778 0.7881944444444444 0.006944444444444444 0.020833333333333332
0 0.9861111111111112 0.8116319444444444 0.017361111111111112 0.043402777777777776
0 0.5538194444444444 0.6762152777777778 0.017361111111111112 0.03298611111111111
0 0.5755208333333334 0.6909722222222222 0.036458333333333336 0.020833333333333332
0 0.6024305555555556 0.7178819444444444 0.020833333333333332 0.03298611111111111
0 0.578125 0.7465277777777778 0.03125 0.024305555555555556
0 0.5651041666666666 0.7621527777777778 0.015625 0.013888888888888888
0 0.5512152777777778 0.7734375 0.012152777777777778 0.022569444444444444
0 0.5286458333333334 0.8368055555555556 0.012152777777777778 0.12152777777777778
0 0.5407986111111112 0.7864583333333334 0.022569444444444444 0.013888888888888888
0 0.5407986111111112 0.9461805555555556 0.03298611111111111 0.1076388888888889
