1 0.7942708333333334 0.5616319444444444 0.08506944444444445 0.078125
1 0.5842013888888888 0.8828125 0.07465277777777778 0.078125
1 0.12413194444444445 0.4809027777777778 0.10243055555555555 0.125
1 0.6232638888888888 0.9583333333333334 0.05555555555555555 0.03819444444444445
1 0.6545138888888888 0.8923611111111112 0.03819444444444445 0.034722222222222224
1 0.7039930555555556 0.8411458333333334 0.050347222222222224 0.03993055555555555
1 0.2821180555555556 0.9583333333333334 0.03298611111111111 0.05555555555555555
0 0.10243055555555555 0.9192708333333334 0.09375 0.11631944444444445
0 0.5121527777777778 0.0703125 0.052083333333333336 0.11631944444444445
0 0.5407986111111112 0.14930555555555555 0.046875 0.0625
0 0.5746527777777778 0.2170138888888889 0.04513888888888889 0.09027777777777778
0 0.5303819444444444 0.2855902777777778 0.07465277777777778 0.08506944444444445
0 0.4869791666666667 0.3541666666666667 0.06076388888888889 0.06944444444444445
0 0.3767361111111111 0.4982638888888889 0.034722222222222224 0.09375
0 0.3246527777777778 0.5486111111111112 0.10416666666666667 0.04861111111111111
0 0.14583333333333334 0.8107638888888888 0.03819444444444445 0.1527777777777778
0 0.2838541666666667 0.6996527777777778 0.03298611111111111 0.16666666666666666
0 0.2508680555555556 0.5989583333333334 0.0954861111111111 0.03125
0 0.8914930555555556 0.011284722222222222 0.2170138888888889 0.022569444444444444
1 0.7135416666666666 0.6883680555555556 0.034722222222222224 0.03993055555555555
1 0.6006944444444444 0.6519097222222222 0.04513888888888889 0.022569444444444444
1 0.05295138888888889 0.026909722222222224 0.06076388888888889 0.05381944444444445
2 0.19444444444444445 0.2743055555555556 0.0763888888888889 0.2465277777777778
