1 0.2960069444444444 0.4071180555555556 0.07465277777777778 0.1440972222222222
1 0.11631944444444445 0.7465277777777778 0.08333333333333333 0.11805555555555555
1 0.3940972222222222 0.4722222222222222 0.052083333333333336 0.0763888888888889
1 0.5217013888888888 0.5173611111111112 0.06076388888888889 0.06597222222222222
1 0.453125 0.21875 0.052083333333333336 0.0763888888888889
0 0.08854166666666667 0.011284722222222222 0.17708333333333334 0.022569444444444444
0 0.2092013888888889 0.036458333333333336 0.08854166666666667 0.07291666666666667
0 0.3932291666666667 0.08940972222222222 0.296875 0.078125
0 0.5477430555555556 0.9513888888888888 0.0642361111111111 0.07291666666666667
0 0.6432291666666666 0.9071180555555556 0.14756944444444445 0.03298611111111111
0 0.7065972222222222 0.890625 0.034722222222222224 0.034722222222222224
0 0.7265625 0.828125 0.050347222222222224 0.1423611111111111
0 0.6918402777777778 0.7274305555555556 0.036458333333333336 0.09027777777777778
0 0.7413194444444444 0.6762152777777778 0.09027777777777778 0.043402777777777776
0 0.8246527777777778 0.6432291666666666 0.09375 0.03298611111111111
2 0.9314236111111112 0.7673611111111112 0.13368055555555555 0.20833333333333334
2 0.4670138888888889 0.8246527777777778 0.14583333333333334 0.06597222222222222
2 0.05642361111111111 0.14583333333333334 0.11284722222222222 0.1909722222222222
