0 0.041666666666666664 0.9340277777777778 0.08333333333333333 0.13194444444444445
0 0.3671875 0.9288194444444444 0.06076388888888889 0.1423611111111111
0 0.3333333333333333 0.8315972222222222 0.09722222222222222 0.052083333333333336
0 0.2664930555555556 0.65625 0.11284722222222222 0.2743055555555556
0 0.3116319444444444 0.4921875 0.109375 0.05381944444444445
0 0.3845486111111111 0.453125 0.0920138888888889 0.05555555555555555
0 0.5034722222222222 0.4184027777777778 0.18055555555555555 0.06597222222222222
0 0.7265625 0.3480902777777778 0.3246527777777778 0.07465277777777778
0 0.9192708333333334 0.2725694444444444 0.08159722222222222 0.05555555555555555
0 0.9522569444444444 0.1996527777777778 0.06076388888888889 0.08333333333333333
2 0.3602430555555556 0.0954861111111111 0.6788194444444444 0.125
2 0.11284722222222222 0.24479166666666666 0.22569444444444445 0.14930555555555555
2 0.8376736111111112 0.8090277777777778 0.3211805555555556 0.3819444444444444
