0 0.12413194444444445 0.09027777777777778 0.1371527777777778 0.18055555555555555
0 0.1840277777777778 0.2387152777777778 0.1076388888888889 0.1892361111111111
0 0.2230902777777778 0.3741319444444444 0.06770833333333333 0.11284722222222222
0 0.2934027777777778 0.3940972222222222 0.09722222222222222 0.041666666666666664
0 0.3385416666666667 0.3550347222222222 0.0625 0.06770833333333333
0 0.4270833333333333 0.3055555555555556 0.1388888888888889 0.04861111111111111
0 0.4765625 0.1328125 0.06076388888888889 0.265625
2 0.8168402777777778 0.9192708333333334 0.3663194444444444 0.16145833333333334
2 0.8741319444444444 0.6501736111111112 0.2517361111111111 0.3142361111111111
2 0.8932291666666666 0.11979166666666667 0.21354166666666666 0.23958333333333334
