1 0.11284722222222222 0.05381944444444445 0.22569444444444445 0.1076388888888889
1 0.6440972222222222 0.22569444444444445 0.052083333333333336 0.03819444444444445
1 0.78125 0.7482638888888888 0.05555555555555555 0.027777777777777776
2 0.4079861111111111 0.2543402777777778 0.2013888888888889 0.08506944444444445
2 0.2743055555555556 0.19444444444444445 0.09375 0.08333333333333333
2 0.3654513888888889 0.1953125 0.078125 0.05381944444444445
0 0.009548611111111112 0.5460069444444444 0.019097222222222224 0.012152777777777778
0 0.03125 0.5876736111111112 0.03125 0.078125
0 0.009548611111111112 0.625 0.019097222222222224 0.017361111111111112
0 0.015625 0.7413194444444444 0.03125 0.0625
0 0.04861111111111111 0.7465277777777778 0.04861111111111111 0.03125
0 0.08159722222222222 0.7873263888888888 0.024305555555555556 0.0642361111111111
0 0.06684027777777778 0.8194444444444444 0.015625 0.041666666666666664
0 0.0859375 0.8463541666666666 0.043402777777777776 0.036458333333333336
0 0.10069444444444445 0.8923611111111112 0.03819444444444445 0.05555555555555555
0 0.1449652777777778 0.9201388888888888 0.06770833333333333 0.027777777777777776
0 0.17100694444444445 0.9418402777777778 0.019097222222222224 0.03298611111111111
0 0.19270833333333334 0.9756944444444444 0.027777777777777776 0.04513888888888889
1 0.9774305555555556 0.3315972222222222 0.041666666666666664 0.04861111111111111
1 0.7230902777777778 0.07465277777777778 0.03993055555555555 0.04513888888888889
1 0.8949652777777778 0.4704861111111111 0.03298611111111111 0.07291666666666667
