0 0.3836805555555556 0.78125 0.04861111111111111 0.4375
0 0.6449652777777778 0.4991319444444444 0.6510416666666666 0.10243055555555555
0 0.2387152777777778 0.1831597222222222 0.4774305555555556 0.07465277777777778
0 0.013020833333333334 0.2821180555555556 0.026041666666666668 0.3871527777777778
0 0.3559027777777778 0.4765625 0.041666666666666664 0.18229166666666666
0 0.4696180555555556 0.3993055555555556 0.16145833333333334 0.041666666666666664
0 0.953125 0.8697916666666666 0.07291666666666667 0.2604166666666667
1 0.9652777777777778 0.3237847222222222 0.06597222222222222 0.0920138888888889
1 0.2560763888888889 0.3940972222222222 0.057291666666666664 0.04861111111111111
1 0.3229166666666667 0.2986111111111111 0.041666666666666664 0.041666666666666664
1 0.13194444444444445 0.7638888888888888 0.059027777777777776 0.041666666666666664
1 0.05381944444444445 0.9418402777777778 0.017361111111111112 0.015625
1 0.09895833333333333 0.7326388888888888 0.059027777777777776 0.059027777777777776
