1 0.109375 0.7717013888888888 0.21875 0.2482638888888889
1 0.7291666666666666 0.020833333333333332 0.10069444444444445 0.041666666666666664
2 0.59375 0.3229166666666667 0.2847222222222222 0.2986111111111111
2 0.9296875 0.28125 0.1371527777777778 0.5625
2 0.7899305555555556 0.3862847222222222 0.1840277777777778 0.421875
2 0.12586805555555555 0.1293402777777778 0.2517361111111111 0.2309027777777778
2 0.5399305555555556 0.7482638888888888 0.16666666666666666 0.2152777777777778
2 0.8489583333333334 0.7673611111111112 0.10416666666666667 0.07291666666666667
1 0.296875 0.3758680555555556 0.0798611111111111 0.050347222222222224
1 0.3385416666666667 0.6527777777777778 0.04513888888888889 0.041666666666666664
1 0.2612847222222222 0.8376736111111112 0.07465277777777778 0.057291666666666664
