0 0.6258680555555556 0.5043402777777778 0.06076388888888889 0.11284722222222222
0 0.6901041666666666 0.5902777777777778 0.06770833333333333 0.09027777777777778
0 0.8272569444444444 0.6467013888888888 0.2065972222222222 0.078125
0 0.9409722222222222 0.7144097222222222 0.11458333333333333 0.08506944444444445
2 0.3984375 0.7230902777777778 0.265625 0.1996527777777778
2 0.8402777777777778 0.375 0.3194444444444444 0.3159722222222222
2 0.3810763888888889 0.1736111111111111 0.4288194444444444 0.25
2 0.7491319444444444 0.8324652777777778 0.2482638888888889 0.22743055555555555
2 0.9409722222222222 0.8472222222222222 0.09027777777777778 0.09375
2 0.9635416666666666 0.125 0.07291666666666667 0.08333333333333333
2 0.21875 0.4088541666666667 0.3125 0.1232638888888889
2 0.4079861111111111 0.5277777777777778 0.2222222222222222 0.14583333333333334
2 0.2855902777777778 0.9427083333333334 0.265625 0.11458333333333333
