1 0.5772569444444444 0.1857638888888889 0.022569444444444444 0.017361111111111112
1 0.7986111111111112 0.22135416666666666 0.013888888888888888 0.015625
1 0.5625 0.2743055555555556 0.017361111111111112 0.013888888888888888
1 0.6050347222222222 0.203125 0.015625 0.013888888888888888
1 0.4592013888888889 0.04513888888888889 0.019097222222222224 0.013888888888888888
1 0.4401041666666667 0.06163194444444445 0.012152777777777778 0.019097222222222224
1 0.4244791666666667 0.1032986111111111 0.015625 0.019097222222222224
1 0.4600694444444444 0.17100694444444445 0.010416666666666666 0.012152777777777778
1 0.4713541666666667 0.059895833333333336 0.012152777777777778 0.012152777777777778
1 0.3854166666666667 0.09809027777777778 0.027777777777777776 0.015625
1 0.5737847222222222 0.15538194444444445 0.012152777777777778 0.012152777777777778
1 0.6553819444444444 0.022569444444444444 0.012152777777777778 0.013888888888888888
1 0.9157986111111112 0.046875 0.012152777777777778 0.013888888888888888
1 0.6519097222222222 0.0026041666666666665 0.012152777777777778 0.005208333333333333
1 0.5277777777777778 0.14930555555555555 0.020833333333333332 0.024305555555555556
0 0.4817708333333333 0.004340277777777778 0.14756944444444445 0.008680555555555556
0 0.5998263888888888 0.09114583333333333 0.057291666666666664 0.18229166666666666
0 0.7543402777777778 0.1467013888888889 0.203125 0.029513888888888888
0 0.9270833333333334 0.1267361111111111 0.14583333333333334 0.03819444444444445
1 0.9557291666666666 0.9244791666666666 0.050347222222222224 0.050347222222222224
1 0.4375 0.3298611111111111 0.024305555555555556 0.024305555555555556
1 0.9756944444444444 0.04513888888888889 0.020833333333333332 0.020833333333333332
