1 0.11284722222222222 0.1362847222222222 0.22569444444444445 0.1684027777777778
1 0.6440972222222222 0.3385416666666667 0.052083333333333336 0.03819444444444445
1 0.78125 0.8611111111111112 0.05555555555555555 0.027777777777777776
2 0.4079861111111111 0.3671875 0.2013888888888889 0.08506944444444445
2 0.2743055555555556 0.3072916666666667 0.09375 0.08333333333333333
2 0.3654513888888889 0.3081597222222222 0.078125 0.05381944444444445
0 0.009548611111111112 0.6588541666666666 0.019097222222222224 0.012152777777777778
0 0.03125 0.7005208333333334 0.03125 0.078125
0 0.009548611111111112 0.7378472222222222 0.019097222222222224 0.017361111111111112
0 0.015625 0.8541666666666666 0.03125 0.0625
0 0.04861111111111111 0.859375 0.04861111111111111 0.03125
0 0.08159722222222222 0.9001736111111112 0.024305555555555556 0.0642361111111111
0 0.06684027777777778 0.9322916666666666 0.015625 0.041666666666666664
0 0.0859375 0.9592013888888888 0.043402777777777776 0.036458333333333336
0 0.10069444444444445 0.9887152777777778 0.03819444444444445 0.022569444444444444
1 0.9774305555555556 0.4444444444444444 0.041666666666666664 0.04861111111111111
1 0.7230902777777778 0.1875 0.03993055555555555 0.04513888888888889
1 0.8949652777777778 0.5833333333333334 0.03298611111111111 0.07291666666666667
