0 0.879631 0.683414 0.181418 0.063295
0 0.822328 0.481230 0.165115 0.040296
0 0.843531 0.293174 0.012328 0.299580
0 0.923942 0.327957 0.143458 0.107602
0 0.986093 0.737712 0.021489 0.097049
0 0.811155 0.763423 0.112204 0.016882
0 0.973542 0.817403 0.018993 0.082279
0 0.936444 0.512942 0.126687 0.040124
0 0.909755 0.127345 0.165579 0.026060
0 0.785901 0.046736 0.162447 0.018993
0 0.742633 0.072054 0.019205 0.098180
0 0.721482 0.257074 0.070349 0.024086
0 0.701919 0.199441 0.043149 0.018821
0 0.747785 0.403693 0.061179 0.012659
0 0.812129 0.830802 0.059072 0.014978
0 0.829552 0.841698 0.027425 0.025269
0 0.885091 0.618841 0.011851 0.075676
0 0.994620 0.703481 0.010548 0.040088
0 0.995850 0.639326 0.013706 0.030137
0 0.855340 0.932420 0.059072 0.015998
0 0.928165 0.924998 0.054854 0.018989
0 0.941131 0.899496 0.021095 0.010097
0 0.942783 0.883770 0.025318 0.008847
0 0.953481 0.860654 0.016882 0.016882
0 0.950316 0.877531 0.010552 0.008436
0 0.975638 0.878591 0.010561 0.010539
0 0.988291 0.899682 0.023207 0.010548
0 0.844841 0.865934 0.014753 0.141338
0 0.836436 0.121354 0.010557 0.046418
0 0.865148 0.101771 0.041206 0.010486
0 0.988372 0.229614 0.018750 0.082275
0 0.991537 0.605532 0.016961 0.027425
0 0.977743 0.891667 0.014770 0.008441
1 0.940824 0.392087 0.029536 0.040084
1 0.992509 0.434282 0.010548 0.014766
1 0.993564 0.415294 0.004223 0.006330
1 0.824788 0.407807 0.008436 0.004430
1 0.845886 0.432067 0.008441 0.010760
1 0.814240 0.370886 0.008436 0.019201
1 0.806855 0.288609 0.010548 0.010760
1 0.940822 0.501687 0.008436 0.010760
1 0.910232 0.803377 0.014766 0.014978
1 0.902849 0.839240 0.025318 0.031855
1 0.896519 0.866349 0.021095 0.016877
1 0.820570 0.959176 0.025318 0.029536
1 0.891243 0.555168 0.014766 0.010548
1 0.946098 0.614240 0.014766 0.010548
1 0.951369 0.477109 0.012659 0.010552
1 0.797363 0.356855 0.008436 0.010548
1 0.734077 0.370570 0.025309 0.025318
1 0.778375 0.283015 0.012659 0.006330
1 0.760442 0.270360 0.010548 0.006330
1 0.772045 0.264030 0.008436 0.006330
1 0.991497 0.082597 0.017005 0.023233
1 0.811084 0.100534 0.014748 0.012641
1 0.827955 0.076265 0.010548 0.010552
1 0.779430 0.194408 0.014770 0.010548
1 0.884916 0.278799 0.010548 0.010548
1 0.877531 0.309388 0.008436 0.008441
1 0.813187 0.635336 0.018989 0.010548
1 0.832173 0.626899 0.014770 0.023207
1 0.854324 0.642721 0.012659 0.008436
1 0.826418 0.544227 0.008481 0.005654
1 0.857153 0.525857 0.004943 0.004240
1 0.775901 0.600044 0.009187 0.007067
1 0.822884 0.588741 0.004240 0.002827
1 0.851855 0.562244 0.004240 0.003534
1 0.793564 0.575316 0.003534 0.002822
1 0.793918 0.581674 0.002827 0.002827
1 0.814761 0.608169 0.003534 0.004943
1 0.805928 0.609583 0.005654 0.003529
1 0.762478 0.541400 0.003534 0.002827
1 0.773074 0.565424 0.002120 0.002827
1 0.777668 0.573196 0.002827 0.004236
1 0.847615 0.572491 0.002827 0.002827
1 0.868458 0.560830 0.003534 0.004947
1 0.874817 0.626893 0.004943 0.004236
1 0.802396 0.625128 0.004236 0.003534
1 0.801689 0.616294 0.002822 0.002827
1 0.776961 0.610996 0.002827 0.002116
1 0.784733 0.613821 0.002822 0.002120
1 0.846908 0.621241 0.005654 0.007067
1 0.873757 0.665400 0.007063 0.006356
1 0.843375 0.685534 0.005654 0.004240
1 0.832778 0.690481 0.009894 0.014134
1 0.947151 0.774578 0.004223 0.006330
1 0.904958 0.726053 0.008441 0.006330
1 0.826899 0.874788 0.008436 0.008436
1 0.935548 0.855799 0.010548 0.012659
1 0.872257 0.975738 0.010548 0.010760
1 0.943989 0.947151 0.010548 0.008436
1 0.949260 0.805802 0.008441 0.008441
1 0.824788 0.891246 0.008436 0.010548
1 0.899682 0.717193 0.010548 0.008441
1 0.786813 0.731961 0.008441 0.008436
1 0.975632 0.325844 0.014770 0.010548
1 0.991455 0.332171 0.008441 0.006330
1 0.757279 0.442933 0.046413 0.037977
1 0.921835 0.499894 0.012655 0.016882
1 0.800528 0.601162 0.014766 0.012659
1 0.833883 0.555587 0.017173 0.012270
1 0.759307 0.239854 0.004417 0.003922
1 0.770992 0.186603 0.014766 0.014770
2 0.917586 0.777173 0.098132 0.099152
2 0.819287 0.748379 0.037822 0.048383
2 0.930194 0.595051 0.111078 0.113123
2 0.953481 0.452849 0.054850 0.067509
2 0.972469 0.401159 0.033754 0.040084
2 0.894410 0.410654 0.050632 0.059072
2 0.815252 0.315490 0.040327 0.158224
2 0.916561 0.338922 0.035861 0.059072
2 0.958754 0.314662 0.014770 0.014766
2 0.904958 0.214028 0.084386 0.094938
2 0.967193 0.159178 0.048520 0.023207
2 0.817403 0.124366 0.023207 0.029536
2 0.908123 0.075844 0.023207 0.012659
2 0.931327 0.051581 0.018989 0.014770
2 0.954536 0.046360 0.014770 0.092721
2 0.837447 0.019936 0.025318 0.014766
2 0.852224 0.026265 0.025296 0.027425
2 0.917617 0.007279 0.063291 0.010548
2 0.816349 0.158123 0.016877 0.033754
2 0.865928 0.121201 0.044302 0.023207
2 0.894536 0.104371 0.027429 0.036223
2 0.722469 0.135970 0.044302 0.027425
2 0.782595 0.071625 0.025314 0.021095
2 0.811076 0.451371 0.035861 0.012655
2 0.724576 0.365928 0.023207 0.056961
2 0.707701 0.302003 0.018989 0.044307
2 0.808966 0.190190 0.027429 0.035866
2 0.909176 0.976056 0.025314 0.033754
