0 0.048701 0.922950 0.097402 0.038949
0 0.130113 0.900365 0.109036 0.031156
0 0.186968 0.879335 0.048288 0.026473
0 0.205660 0.838058 0.054518 0.077889
0 0.256286 0.811581 0.080999 0.034266
0 0.303788 0.767185 0.035830 0.070096
0 0.330269 0.743823 0.048288 0.035830
0 0.363753 0.655035 0.062294 0.166664
0 0.357528 0.500052 0.074761 0.158871
0 0.426846 0.413606 0.182242 0.057637
0 0.507063 0.485256 0.068532 0.101251
0 0.537441 0.564674 0.054570 0.094978
0 0.556907 0.632450 0.034266 0.056073
0 0.591955 0.642576 0.048288 0.020252
0 0.614540 0.623106 0.031147 0.034275
0 0.658931 0.598184 0.070096 0.024917
0 0.683775 0.503866 0.029757 0.148132
0 0.666646 0.416646 0.048462 0.026655
0 0.633154 0.328632 0.056229 0.137228
0 0.655817 0.246937 0.054518 0.026473
0 0.692420 0.227467 0.046733 0.028036
0 0.751612 0.209553 0.090348 0.032711
0 0.863758 0.174505 0.161990 0.037385
0 0.960295 0.137042 0.040487 0.028193
0 0.976612 0.100443 0.029748 0.042207
0 0.397950 0.774896 0.084275 0.051564
2 0.398792 0.246177 0.260104 0.162033
2 0.130895 0.170613 0.244553 0.306855
2 0.679957 0.048336 0.339566 0.062302
2 0.485256 0.123106 0.255447 0.074761
2 0.881255 0.924505 0.237489 0.119939
2 0.910074 0.770304 0.179852 0.157324
2 0.919418 0.437745 0.161164 0.255456
