1 0.650812 0.459461 0.010556 0.010547
1 0.574865 0.347646 0.010547 0.010547
1 0.564318 0.367693 0.010547 0.012659
1 0.381825 0.290686 0.016872 0.010547
1 0.354396 0.285413 0.021095 0.021095
1 0.370222 0.394062 0.014761 0.023206
1 0.247858 0.473175 0.010556 0.021103
1 0.294275 0.193640 0.010547 0.014770
1 0.473597 0.163045 0.010547 0.012659
1 0.377606 0.187307 0.012659 0.014770
1 0.294257 0.326555 0.010582 0.010539
1 0.257354 0.182033 0.016881 0.021095
1 0.340686 0.081825 0.014770 0.014770
1 0.138154 0.015369 0.014761 0.012650
1 0.200387 0.029079 0.012659 0.010547
1 0.008423 0.145113 0.016846 0.027428
1 0.214101 0.168323 0.010547 0.010547
1 0.291108 0.114522 0.012659 0.012659
1 0.167689 0.138784 0.010547 0.010547
1 0.133936 0.119800 0.014770 0.010547
1 0.887098 0.466846 0.035864 0.037967
1 0.931916 0.534010 0.012207 0.012207
1 0.983301 0.536043 0.009157 0.008141
1 0.799657 0.466351 0.010174 0.011190
1 0.779831 0.397163 0.007098 0.009149
1 0.289427 0.593019 0.011190 0.008141
1 0.400321 0.610825 0.007124 0.007124
1 0.281794 0.637276 0.008141 0.007116
1 0.303158 0.601668 0.008141 0.007124
1 0.230417 0.522311 0.009157 0.007124
1 0.220747 0.530960 0.006099 0.010174
1 0.212611 0.551816 0.008141 0.009157
1 0.230413 0.585895 0.005083 0.006108
1 0.236008 0.529939 0.006108 0.006099
1 0.193280 0.549270 0.014240 0.008132
1 0.287897 0.577758 0.006099 0.006099
1 0.328593 0.511116 0.006099 0.007116
1 0.458823 0.523328 0.006108 0.007124
1 0.326560 0.499418 0.006099 0.006099
1 0.264496 0.574705 0.010174 0.012207
1 0.233975 0.200504 0.008141 0.007124
1 0.253306 0.159805 0.006108 0.007116
1 0.222276 0.138949 0.009157 0.006099
1 0.222276 0.154718 0.013223 0.009157
1 0.200400 0.204062 0.008132 0.006108
1 0.196838 0.180152 0.007124 0.005083
1 0.292984 0.228484 0.006108 0.008141
1 0.336225 0.195921 0.007116 0.006108
1 0.243132 0.146069 0.006108 0.008141
1 0.229904 0.133862 0.008132 0.006108
1 0.286368 0.143019 0.007124 0.008141
1 0.320964 0.238145 0.009157 0.007116
1 0.260430 0.206607 0.008141 0.007116
1 0.207011 0.180152 0.007124 0.005083
1 0.241095 0.180665 0.004066 0.006108
1 0.262463 0.158280 0.006108 0.006099
1 0.235500 0.173032 0.011190 0.005091
1 0.339279 0.233566 0.007124 0.010174
1 0.398797 0.262563 0.006108 0.011190
1 0.148510 0.258497 0.006108 0.009157
1 0.132181 0.260022 0.004170 0.006108
1 0.243132 0.266633 0.006108 0.007116
1 0.316381 0.301733 0.008141 0.008141
1 0.390096 0.259513 0.007228 0.013223
1 0.373358 0.253914 0.006108 0.008141
1 0.817971 0.323097 0.008141 0.008141
1 0.714192 0.275791 0.006108 0.007116
1 0.857650 0.195921 0.010174 0.006108
1 0.771169 0.150143 0.006108 0.010174
1 0.684687 0.174049 0.006108 0.007124
1 0.791442 0.146581 0.016421 0.015265
1 0.758454 0.019401 0.011190 0.009157
1 0.820004 0.035682 0.008141 0.009157
1 0.785917 0.069765 0.009157 0.006099
1 0.702493 0.035682 0.013223 0.007124
1 0.750313 0.029066 0.007124 0.008141
1 0.739631 0.023475 0.008141 0.007124
1 0.846968 0.020417 0.011190 0.009157
1 0.797624 0.020925 0.008141 0.008141
1 0.675022 0.039748 0.005091 0.007124
1 0.459331 0.056030 0.029505 0.017289
1 0.113362 0.298175 0.013328 0.013223
1 0.109340 0.181681 0.007124 0.008141
1 0.086451 0.107407 0.010174 0.006108
1 0.121043 0.100287 0.012215 0.008132
1 0.092554 0.085026 0.010182 0.006108
1 0.841742 0.931825 0.016881 0.016872
1 0.836464 0.849544 0.010547 0.012659
1 0.906086 0.750387 0.010556 0.012659
1 0.787941 0.978136 0.010547 0.017089
0 0.099618 0.486568 0.225387 0.026221
0 0.200174 0.470869 0.049557 0.023649
0 0.241533 0.498905 0.073840 0.010530
0 0.300643 0.544240 0.029418 0.093275
0 0.378154 0.573523 0.101260 0.014813
0 0.471503 0.563679 0.086533 0.018983
0 0.541703 0.549031 0.060869 0.014831
0 0.655534 0.570508 0.170269 0.019175
0 0.768601 0.611038 0.016785 0.089600
0 0.808301 0.653449 0.008297 0.030999
0 0.831386 0.684674 0.012711 0.046690
0 0.848028 0.676742 0.031885 0.007368
0 0.871825 0.666412 0.023545 0.004466
0 0.897337 0.662554 0.029444 0.011295
0 0.849561 0.712693 0.013562 0.022745
0 0.813275 0.739744 0.075065 0.011946
0 0.753653 0.796864 0.012641 0.093588
0 0.712911 0.853653 0.009105 0.045534
0 0.706790 0.905508 0.014796 0.061442
0 0.672255 0.969461 0.099175 0.014770
0 0.895313 0.595912 0.048818 0.004248
0 0.891086 0.617450 0.031503 0.007689
0 0.924331 0.566725 0.031599 0.008949
0 0.986577 0.522958 0.026846 0.004944
0 0.959752 0.546264 0.010834 0.047715
1 0.928236 0.217893 0.054857 0.046403
1 0.982037 0.369800 0.018983 0.016872
1 0.478871 0.962624 0.025317 0.025317
1 0.485200 0.398262 0.042198 0.027454
1 0.636025 0.376142 0.023171 0.021129
1 0.542163 0.439418 0.029540 0.021095
1 0.849123 0.547016 0.018992 0.016881
1 0.795326 0.177815 0.016872 0.016881
1 0.669800 0.314948 0.014770 0.021103
1 0.677185 0.139839 0.021095 0.016881
1 0.655013 0.155647 0.014735 0.040052
1 0.742585 0.280139 0.016881 0.014770
1 0.080139 0.454170 0.037984 0.025282
1 0.219379 0.665156 0.012659 0.012659
1 0.598071 0.377185 0.018992 0.014770
1 0.620222 0.343432 0.012659 0.010547
1 0.619166 0.670434 0.010547 0.014770
1 0.920851 0.804401 0.014770 0.012659
1 0.888154 0.860308 0.016881 0.023206
1 0.525287 0.909883 0.016881 0.012659
1 0.389205 0.486890 0.023206 0.014770
1 0.195117 0.060730 0.014770 0.010547
1 0.141316 0.088154 0.016881 0.014761
1 0.176129 0.076551 0.014761 0.016872
1 0.287945 0.164101 0.018983 0.014770
1 0.268957 0.145117 0.014770 0.014770
1 0.644483 0.217902 0.014770 0.016881
1 0.844904 0.005573 0.018983 0.011147
1 0.933514 0.075495 0.023206 0.018983
1 0.811147 0.060730 0.010547 0.010547
1 0.770013 0.048071 0.016881 0.014770
1 0.813258 0.080769 0.010547 0.012659
1 0.823805 0.006929 0.014770 0.012659
1 0.273175 0.279083 0.018983 0.012659
1 0.574865 0.252711 0.014770 0.010547
1 0.509461 0.267480 0.010547 0.010547
1 0.010517 0.283301 0.016881 0.021095
1 0.079083 0.407776 0.018983 0.016872
1 0.169800 0.243219 0.014770 0.016881
1 0.047437 0.199965 0.014770 0.014770
1 0.060096 0.065999 0.010547 0.012659
1 0.053766 0.138784 0.010556 0.014770
1 0.026342 0.172541 0.014770 0.014761
1 0.103341 0.284357 0.012659 0.014761
1 0.617055 0.448914 0.014770 0.010547
1 0.488367 0.522754 0.010547 0.010547
1 0.525708 0.269991 0.008514 0.008810
1 0.562055 0.226121 0.008523 0.007950
1 0.428597 0.144205 0.007950 0.009939
1 0.682728 0.071090 0.007385 0.010782
1 0.674917 0.120495 0.006533 0.009088
1 0.566455 0.111977 0.006533 0.008523
1 0.432715 0.014305 0.007098 0.007950
1 0.387997 0.055048 0.006820 0.009366
1 0.397085 0.030204 0.003970 0.005673
1 0.567871 0.050361 0.008236 0.006247
1 0.598823 0.050365 0.006525 0.008514
1 0.621964 0.048662 0.003979 0.007385
1 0.680599 0.008336 0.007663 0.006247
1 0.736959 0.004366 0.007385 0.006247
1 0.745195 0.010330 0.005682 0.005682
1 0.752719 0.004509 0.007107 0.006533
1 0.772454 0.014018 0.006820 0.006247
1 0.807520 0.044257 0.004822 0.009366
1 0.758684 0.059735 0.007098 0.006247
1 0.746334 0.056612 0.009088 0.005109
1 0.697919 0.014870 0.005969 0.005673
1 0.601803 0.037585 0.011929 0.006811
1 0.743488 0.088697 0.007950 0.007385
2 0.955665 0.652924 0.054857 0.069618
2 0.748910 0.897646 0.037976 0.065404
1 0.764266 0.170460 0.019930 0.018940
1 0.757507 0.057333 0.005230 0.001581
