0 0.9434628975265018 0.07243816254416961 0.08480565371024736 0.14487632508833923
0 0.24381625441696114 0.053003533568904596 0.44876325088339225 0.06713780918727916
0 0.8931095406360424 0.26855123674911663 0.07597173144876325 0.3286219081272085
0 0.24734982332155478 0.3215547703180212 0.23674911660777384 0.06007067137809187
0 0.31802120141342755 0.3657243816254417 0.10954063604240283 0.10247349823321555
0 0.4204946996466431 0.7287985865724381 0.23674911660777384 0.06537102473498234
0 0.7120141342756183 0.6987632508833922 0.21908127208480566 0.07597173144876325
0 0.7632508833922261 0.5971731448763251 0.08480565371024736 0.038869257950530034
0 0.7703180212014135 0.5335689045936396 0.10247349823321555 0.0353356890459364
0 0.8127208480565371 0.4416961130742049 0.06713780918727916 0.06713780918727916
0 0.8003533568904594 0.5097173144876325 0.04240282685512368 0.03356890459363958
0 0.901060070671378 0.5141342756183745 0.04240282685512368 0.04240282685512368
0 0.9522968197879859 0.5971731448763251 0.09187279151943463 0.04240282685512368
0 0.3789752650176678 0.4628975265017668 0.05830388692579505 0.5653710247349824
0 0.9098939929328622 0.5662544169611308 0.06007067137809187 0.03356890459363958
1 0.6404593639575972 0.21201413427561838 0.05830388692579505 0.06007067137809187
1 0.6104240282685512 0.35600706713780916 0.10070671378091872 0.12897526501766785
1 0.5848056537102474 0.46466431095406363 0.08480565371024736 0.06713780918727916
1 0.28180212014134276 0.8365724381625441 0.10070671378091872 0.11837455830388692
1 0.7879858657243817 0.09717314487632508 0.0176678445229682 0.024734982332155476
1 0.30653710247349825 0.49823321554770317 0.03356890459363958 0.0353356890459364
1 0.7420494699646644 0.42226148409893993 0.04240282685512368 0.04946996466431095
1 0.4876325088339223 0.9019434628975265 0.04240282685512368 0.044169611307420496
1 0.7756183745583038 0.7871024734982333 0.04240282685512368 0.03356890459363958
1 0.7959363957597173 0.22173144876325088 0.03356890459363958 0.03356890459363958
1 0.29770318021201414 0.5636042402826855 0.03356890459363958 0.04240282685512368
2 0.6696113074204947 0.15282685512367492 0.392226148409894 0.30565371024734983
2 0.2765017667844523 0.045053003533568906 0.1501766784452297 0.09010600706713781
2 0.6360424028268551 0.9037102473498233 0.10247349823321555 0.13604240282685512
