0 0.5176678445229682 0.8454063604240283 0.7243816254416962 0.25265017667844525
0 0.30918727915194344 0.05918727915194346 0.6183745583038869 0.11837455830388692
0 0.9434628975265018 0.9346289752650176 0.08480565371024736 0.13074204946996468
0 0.7446996466431095 0.16342756183745583 0.5070671378091873 0.1607773851590106
0 0.5397526501766784 0.5874558303886925 0.04770318021201413 0.30212014134275617
0 0.9770318021201413 0.9231448763250883 0.04240282685512368 0.15371024734982333
0 0.9770318021201413 0.6696113074204947 0.04240282685512368 0.12014134275618374
0 0.9646643109540636 0.5335689045936396 0.06713780918727916 0.10954063604240283
1 0.7623674911660777 0.11837455830388692 0.03356890459363958 0.04240282685512368
1 0.5644876325088339 0.3321554770318021 0.05830388692579505 0.04240282685512368
1 0.7835689045936396 0.568904593639576 0.05830388692579505 0.04240282685512368
1 0.8047703180212014 0.02120141342756184 0.05123674911660778 0.04240282685512368
1 0.25176678445229683 0.6537102473498233 0.07597173144876325 0.04240282685512368
1 0.32773851590106007 0.6201413427561837 0.05830388692579505 0.09187279151943463
1 0.4160777385159011 0.6828621908127208 0.05123674911660778 0.03356890459363958
1 0.3047703180212014 0.28886925795053003 0.03356890459363958 0.022968197879858657
1 0.4275618374558304 0.21554770318021202 0.02120141342756184 0.0176678445229682
1 0.10335689045936396 0.5123674911660777 0.037102473498233215 0.028268551236749116
1 0.29063604240282687 0.4673144876325088 0.015901060070671377 0.012367491166077738
1 0.40636042402826855 0.36042402826855124 0.0176678445229682 0.014134275618374558
1 0.17314487632508835 0.4134275618374558 0.014134275618374558 0.01060070671378092
1 0.17491166077738515 0.43904593639575973 0.01060070671378092 0.012367491166077738
1 0.2579505300353357 0.5450530035335689 0.014134275618374558 0.019434628975265017
1 0.2234982332155477 0.5512367491166078 0.022968197879858657 0.014134275618374558
1 0.04946996466431095 0.2773851590106007 0.014134275618374558 0.01060070671378092
1 0.09098939929328621 0.3736749116607774 0.0088339222614841 0.012367491166077738
1 0.10954063604240283 0.4045936395759717 0.01060070671378092 0.0176678445229682
1 0.38957597173144876 0.4019434628975265 0.012367491166077738 0.012367491166077738
1 0.4734982332155477 0.35600706713780916 0.014134275618374558 0.019434628975265017
1 0.49823321554770317 0.6201413427561837 0.02120141342756184 0.0176678445229682
1 0.20848056537102475 0.6130742049469965 0.0176678445229682 0.014134275618374558
1 0.2058303886925795 0.5777385159010601 0.012367491166077738 0.01060070671378092
1 0.1068904593639576 0.5556537102473498 0.012367491166077738 0.0088339222614841
1 0.13780918727915195 0.5680212014134276 0.01060070671378092 0.0088339222614841
1 0.38604240282685515 0.5971731448763251 0.022968197879858657 0.028268551236749116
1 0.49469964664310956 0.773851590106007 0.028268551236749116 0.024734982332155476
1 0.37279151943462896 0.8542402826855123 0.02120141342756184 0.015901060070671377
1 0.3303886925795053 0.8745583038869258 0.038869257950530034 0.05653710247349823
1 0.5971731448763251 0.9814487632508834 0.04240282685512368 0.03356890459363958
1 0.6863957597173145 0.11130742049469965 0.05123674911660778 0.06713780918727916
1 0.20141342756183744 0.5167844522968198 0.06007067137809187 0.05123674911660778
1 0.33480565371024734 0.3339222614840989 0.06890459363957598 0.04946996466431095
2 0.7199646643109541 0.4929328621908127 0.44346289752650175 0.45229681978798586
