0 0.48586572438162545 0.4416961130742049 0.04946996466431095 0.8833922261484098
0 0.7606007067137809 0.42402826855123676 0.4787985865724382 0.43109540636042404
0 0.06978798586572438 0.14045936395759717 0.13957597173144876 0.09717314487632508
0 0.11307420494699646 0.7270318021201413 0.22614840989399293 0.05123674911660778
1 0.8754416961130742 0.681095406360424 0.11837455830388692 0.1607773851590106
1 0.4107773851590106 0.7438162544169611 0.03356890459363958 0.0176678445229682
1 0.495583038869258 0.8409893992932862 0.03356890459363958 0.04240282685512368
1 0.36837455830388693 0.5954063604240283 0.03356890459363958 0.07773851590106007
1 0.3392226148409894 0.2667844522968198 0.04240282685512368 0.04240282685512368
1 0.30123674911660775 0.5388692579505301 0.03356890459363958 0.04240282685512368
1 0.04946996466431095 0.5945229681978799 0.0989399293286219 0.10070671378091872
1 0.2252650176678445 0.24381625441696114 0.05123674911660778 0.024734982332155476
1 0.15371024734982333 0.19346289752650175 0.04240282685512368 0.026501766784452298
1 0.20053003533568906 0.16784452296819788 0.03356890459363958 0.024734982332155476
1 0.6519434628975265 0.22791519434628976 0.04240282685512368 0.04240282685512368
1 0.622791519434629 0.3498233215547703 0.03356890459363958 0.0353356890459364
1 0.1413427561837456 0.8833922261484098 0.1872791519434629 0.1519434628975265
1 0.1501766784452297 0.0715547703180212 0.0176678445229682 0.015901060070671377
2 0.9081272084805654 0.8939929328621908 0.18374558303886926 0.21201413427561838
2 0.9673144876325088 0.7164310954063604 0.06537102473498234 0.1607773851590106
2 0.6899293286219081 0.7544169611307421 0.20318021201413428 0.23674911660777384
2 0.3736749116607774 0.3745583038869258 0.1607773851590106 0.6325088339222615
2 0.7782685512367491 0.46819787985865724 0.1431095406360424 0.23674911660777384
2 0.9469964664310954 0.3710247349823322 0.06007067137809187 0.06007067137809187
2 0.7323321554770318 0.07950530035335689 0.3374558303886926 0.15901060070671377
2 0.35600706713780916 0.9178445229681979 0.1431095406360424 0.05123674911660778
2 0.028268551236749116 0.5750883392226148 0.05653710247349823 0.22791519434628976
