0 0.6307420494699647 0.8454063604240283 0.7243816254416962 0.25265017667844525
0 0.4010600706713781 0.05918727915194346 0.6607773851590106 0.11837455830388692
0 0.8021201413427562 0.16342756183745583 0.3957597173144876 0.1607773851590106
0 0.6528268551236749 0.5874558303886925 0.04770318021201413 0.30212014134275617
1 0.8754416961130742 0.11837455830388692 0.03356890459363958 0.04240282685512368
1 0.6775618374558304 0.3321554770318021 0.05830388692579505 0.04240282685512368
1 0.8966431095406361 0.568904593639576 0.05830388692579505 0.04240282685512368
1 0.9178445229681979 0.02120141342756184 0.05123674911660778 0.04240282685512368
1 0.36484098939929327 0.6537102473498233 0.07597173144876325 0.04240282685512368
1 0.44081272084805656 0.6201413427561837 0.05830388692579505 0.09187279151943463
1 0.5291519434628975 0.6828621908127208 0.05123674911660778 0.03356890459363958
1 0.4178445229681979 0.28886925795053003 0.03356890459363958 0.022968197879858657
1 0.5406360424028268 0.21554770318021202 0.02120141342756184 0.0176678445229682
1 0.21643109540636044 0.5123674911660777 0.037102473498233215 0.028268551236749116
1 0.4037102473498233 0.4673144876325088 0.015901060070671377 0.012367491166077738
1 0.519434628975265 0.36042402826855124 0.0176678445229682 0.014134275618374558
1 0.2862190812720848 0.4134275618374558 0.014134275618374558 0.01060070671378092
1 0.2879858657243816 0.43904593639575973 0.01060070671378092 0.012367491166077738
1 0.3710247349823322 0.5450530035335689 0.014134275618374558 0.019434628975265017
1 0.3365724381625442 0.5512367491166078 0.022968197879858657 0.014134275618374558
1 0.1625441696113074 0.2773851590106007 0.014134275618374558 0.01060070671378092
1 0.2040636042402827 0.3736749116607774 0.0088339222614841 0.012367491166077738
1 0.2226148409893993 0.4045936395759717 0.01060070671378092 0.0176678445229682
1 0.5026501766784452 0.4019434628975265 0.012367491166077738 0.012367491166077738
1 0.5865724381625441 0.35600706713780916 0.014134275618374558 0.019434628975265017
1 0.6113074204946997 0.6201413427561837 0.02120141342756184 0.0176678445229682
1 0.3215547703180212 0.6130742049469965 0.0176678445229682 0.014134275618374558
1 0.31890459363957596 0.5777385159010601 0.012367491166077738 0.01060070671378092
1 0.21996466431095407 0.5556537102473498 0.012367491166077738 0.0088339222614841
1 0.2508833922261484 0.5680212014134276 0.01060070671378092 0.0088339222614841
1 0.4991166077738516 0.5971731448763251 0.022968197879858657 0.028268551236749116
1 0.607773851590106 0.773851590106007 0.028268551236749116 0.024734982332155476
1 0.48586572438162545 0.8542402826855123 0.02120141342756184 0.015901060070671377
1 0.44346289752650175 0.8745583038869258 0.038869257950530034 0.05653710247349823
1 0.7102473498233216 0.9814487632508834 0.04240282685512368 0.03356890459363958
1 0.799469964664311 0.11130742049469965 0.05123674911660778 0.06713780918727916
1 0.31448763250883394 0.5167844522968198 0.06007067137809187 0.05123674911660778
1 0.44787985865724383 0.3339222614840989 0.06890459363957598 0.04946996466431095
2 0.8056537102473498 0.4929328621908127 0.38869257950530034 0.45229681978798586
