0 0.9434628975265018 0.12897526501766785 0.08480565371024736 0.2579505300353357
0 0.24381625441696114 0.16607773851590105 0.44876325088339225 0.06713780918727916
0 0.8931095406360424 0.38162544169611307 0.07597173144876325 0.3286219081272085
0 0.24734982332155478 0.43462897526501765 0.23674911660777384 0.06007067137809187
0 0.31802120141342755 0.4787985865724382 0.10954063604240283 0.10247349823321555
0 0.4204946996466431 0.8418727915194346 0.23674911660777384 0.06537102473498234
0 0.7120141342756183 0.8118374558303887 0.21908127208480566 0.07597173144876325
0 0.7632508833922261 0.7102473498233216 0.08480565371024736 0.038869257950530034
0 0.7703180212014135 0.6466431095406361 0.10247349823321555 0.0353356890459364
0 0.8127208480565371 0.5547703180212014 0.06713780918727916 0.06713780918727916
0 0.8003533568904594 0.622791519434629 0.04240282685512368 0.03356890459363958
0 0.901060070671378 0.627208480565371 0.04240282685512368 0.04240282685512368
0 0.9522968197879859 0.7102473498233216 0.09187279151943463 0.04240282685512368
0 0.3789752650176678 0.5759717314487632 0.05830388692579505 0.5653710247349824
0 0.9098939929328622 0.6793286219081273 0.06007067137809187 0.03356890459363958
1 0.6404593639575972 0.3250883392226148 0.05830388692579505 0.06007067137809187
1 0.6104240282685512 0.46908127208480566 0.10070671378091872 0.12897526501766785
1 0.5848056537102474 0.5777385159010601 0.08480565371024736 0.06713780918727916
1 0.28180212014134276 0.9452296819787986 0.10070671378091872 0.10954063604240283
1 0.7879858657243817 0.21024734982332155 0.0176678445229682 0.024734982332155476
1 0.6192579505300353 0.015901060070671377 0.03356890459363958 0.024734982332155476
1 0.30653710247349825 0.6113074204946997 0.03356890459363958 0.0353356890459364
1 0.7420494699646644 0.5353356890459364 0.04240282685512368 0.04946996466431095
1 0.7756183745583038 0.9001766784452296 0.04240282685512368 0.03356890459363958
1 0.7959363957597173 0.33480565371024734 0.03356890459363958 0.03356890459363958
1 0.29770318021201414 0.676678445229682 0.03356890459363958 0.04240282685512368
1 0.14575971731448764 0.03975265017667844 0.03356890459363958 0.03356890459363958
2 0.6696113074204947 0.22084805653710246 0.392226148409894 0.3957597173144876
2 0.2765017667844523 0.10600706713780919 0.1501766784452297 0.19434628975265017
2 0.6360424028268551 0.9743816254416962 0.10247349823321555 0.05123674911660778
