0 0.3568904593639576 0.16607773851590105 0.44876325088339225 0.06713780918727916
0 0.9840989399293286 0.38162544169611307 0.03180212014134275 0.3286219081272085
0 0.36042402826855124 0.43462897526501765 0.23674911660777384 0.06007067137809187
0 0.43109540636042404 0.4787985865724382 0.10954063604240283 0.10247349823321555
0 0.5335689045936396 0.8418727915194346 0.23674911660777384 0.06537102473498234
0 0.8250883392226148 0.8118374558303887 0.21908127208480566 0.07597173144876325
0 0.8763250883392226 0.7102473498233216 0.08480565371024736 0.038869257950530034
0 0.8833922261484098 0.6466431095406361 0.10247349823321555 0.0353356890459364
0 0.9257950530035336 0.5547703180212014 0.06713780918727916 0.06713780918727916
0 0.9134275618374559 0.622791519434629 0.04240282685512368 0.03356890459363958
0 0.4920494699646643 0.5759717314487632 0.05830388692579505 0.5653710247349824
1 0.7535335689045937 0.3250883392226148 0.05830388692579505 0.06007067137809187
1 0.7234982332155477 0.46908127208480566 0.10070671378091872 0.12897526501766785
1 0.6978798586572438 0.5777385159010601 0.08480565371024736 0.06713780918727916
1 0.3948763250883392 0.9452296819787986 0.10070671378091872 0.10954063604240283
1 0.901060070671378 0.21024734982332155 0.0176678445229682 0.024734982332155476
1 0.7323321554770318 0.015901060070671377 0.03356890459363958 0.024734982332155476
1 0.4196113074204947 0.6113074204946997 0.03356890459363958 0.0353356890459364
1 0.8551236749116607 0.5353356890459364 0.04240282685512368 0.04946996466431095
1 0.8886925795053003 0.9001766784452296 0.04240282685512368 0.03356890459363958
1 0.9090106007067138 0.33480565371024734 0.03356890459363958 0.03356890459363958
1 0.4107773851590106 0.676678445229682 0.03356890459363958 0.04240282685512368
1 0.2588339222614841 0.03975265017667844 0.03356890459363958 0.03356890459363958
2 0.7826855123674912 0.22084805653710246 0.392226148409894 0.3957597173144876
2 0.38957597173144876 0.10600706713780919 0.1501766784452297 0.19434628975265017
2 0.7491166077738516 0.9743816254416962 0.10247349823321555 0.05123674911660778
