0 0.48586572438162545 0.7862190812720848 0.04946996466431095 0.4275618374558304
0 0.7102473498233216 0.5079505300353356 0.5795053003533569 0.10424028268551237
0 0.29063604240282687 0.18639575971731448 0.5812720848056537 0.07597173144876325
0 0.08303886925795052 0.2871024734982332 0.07773851590106007 0.39399293286219084
0 0.4575971731448763 0.48498233215547704 0.04240282685512368 0.1855123674911661
0 0.573321554770318 0.40636042402826855 0.16431095406360424 0.04240282685512368
1 0.35600706713780916 0.4010600706713781 0.05830388692579505 0.04946996466431095
1 0.42402826855123676 0.303886925795053 0.04240282685512368 0.04240282685512368
1 0.22968197879858657 0.7773851590106007 0.06007067137809187 0.04240282685512368
1 0.1501766784452297 0.9584805653710248 0.0176678445229682 0.015901060070671377
1 0.196113074204947 0.7455830388692579 0.06007067137809187 0.06007067137809187
2 0.7323321554770318 0.8330388692579506 0.3374558303886926 0.3339222614840989
2 0.941696113074205 0.6360424028268551 0.1166077738515901 0.09187279151943463
2 0.38162544169611307 0.49646643109540634 0.09187279151943463 0.1166077738515901
2 0.7446996466431095 0.3030035335689046 0.09363957597173145 0.05123674911660778
2 0.838339222614841 0.2058303886925795 0.07597173144876325 0.05830388692579505
2 0.9302120141342756 0.18462897526501768 0.05830388692579505 0.36925795053003535
2 0.4620141342756184 0.07862190812720848 0.10070671378091872 0.05830388692579505
2 0.5212014134275619 0.10424028268551237 0.10247349823321555 0.10954063604240283
2 0.7826855123674912 0.028268551236749116 0.254416961130742 0.04240282685512368
2 0.37809187279151946 0.6316254416961131 0.06713780918727916 0.13604240282685512
2 0.5759717314487632 0.4840989399293286 0.17667844522968199 0.09187279151943463
2 0.6908127208480566 0.4169611307420495 0.10954063604240283 0.14487632508833923
2 0.045053003533568906 0.5424028268551236 0.09010600706713781 0.10954063604240283
2 0.24293286219081273 0.2862190812720848 0.10070671378091872 0.08480565371024736
2 0.3480565371024735 0.7597173144876325 0.10954063604240283 0.14487632508833923
