0 0.37279151943462896 0.4416961130742049 0.04946996466431095 0.8833922261484098
0 0.6952296819787986 0.42402826855123676 0.5742049469964664 0.43109540636042404
0 0.05653710247349823 0.7270318021201413 0.11307420494699646 0.05123674911660778
0 0.9522968197879859 0.09717314487632508 0.07420494699646643 0.19434628975265017
1 0.7623674911660777 0.681095406360424 0.11837455830388692 0.1607773851590106
1 0.9690812720848057 0.848939929328622 0.04063604240282685 0.05830388692579505
1 0.9734982332155477 0.773851590106007 0.0176678445229682 0.024734982332155476
1 0.29770318021201414 0.7438162544169611 0.03356890459363958 0.0176678445229682
1 0.3825088339222615 0.8409893992932862 0.03356890459363958 0.04240282685512368
1 0.25530035335689044 0.5954063604240283 0.03356890459363958 0.07773851590106007
1 0.22614840989399293 0.2667844522968198 0.04240282685512368 0.04240282685512368
1 0.1881625441696113 0.5388692579505301 0.03356890459363958 0.04240282685512368
1 0.11219081272084806 0.24381625441696114 0.05123674911660778 0.024734982332155476
1 0.04063604240282685 0.19346289752650175 0.04240282685512368 0.026501766784452298
1 0.08745583038869258 0.16784452296819788 0.03356890459363958 0.024734982332155476
1 0.5388692579505301 0.22791519434628976 0.04240282685512368 0.04240282685512368
1 0.5097173144876325 0.3498233215547703 0.03356890459363958 0.0353356890459364
1 0.9019434628975265 0.41519434628975266 0.05830388692579505 0.04240282685512368
1 0.965547703180212 0.44081272084805656 0.03356890459363958 0.026501766784452298
1 0.060954063604240286 0.8833922261484098 0.12190812720848057 0.1519434628975265
1 0.037102473498233215 0.0715547703180212 0.0176678445229682 0.015901060070671377
2 0.8127208480565371 0.8939929328621908 0.21908127208480566 0.21201413427561838
2 0.8886925795053003 0.7164310954063604 0.13427561837455831 0.1607773851590106
2 0.5768551236749117 0.7544169611307421 0.20318021201413428 0.23674911660777384
2 0.26060070671378094 0.3745583038869258 0.1607773851590106 0.6325088339222615
2 0.6651943462897526 0.46819787985865724 0.1431095406360424 0.23674911660777384
2 0.833922261484099 0.3710247349823322 0.06007067137809187 0.06007067137809187
2 0.6192579505300353 0.07950530035335689 0.3374558303886926 0.15901060070671377
2 0.24293286219081273 0.9178445229681979 0.1431095406360424 0.05123674911660778
