0 0.3568904593639576 0.053003533568904596 0.44876325088339225 0.06713780918727916
0 0.9840989399293286 0.26855123674911663 0.03180212014134275 0.3286219081272085
0 0.36042402826855124 0.3215547703180212 0.23674911660777384 0.06007067137809187
0 0.43109540636042404 0.3657243816254417 0.10954063604240283 0.10247349823321555
0 0.5335689045936396 0.7287985865724381 0.23674911660777384 0.06537102473498234
0 0.8250883392226148 0.6987632508833922 0.21908127208480566 0.07597173144876325
0 0.8763250883392226 0.5971731448763251 0.08480565371024736 0.038869257950530034
0 0.8833922261484098 0.5335689045936396 0.10247349823321555 0.0353356890459364
0 0.9257950530035336 0.4416961130742049 0.06713780918727916 0.06713780918727916
0 0.9134275618374559 0.5097173144876325 0.04240282685512368 0.03356890459363958
0 0.4920494699646643 0.4628975265017668 0.05830388692579505 0.5653710247349824
1 0.7535335689045937 0.21201413427561838 0.05830388692579505 0.06007067137809187
1 0.7234982332155477 0.35600706713780916 0.10070671378091872 0.12897526501766785
1 0.6978798586572438 0.46466431095406363 0.08480565371024736 0.06713780918727916
1 0.3948763250883392 0.8365724381625441 0.10070671378091872 0.11837455830388692
1 0.901060070671378 0.09717314487632508 0.0176678445229682 0.024734982332155476
1 0.4196113074204947 0.49823321554770317 0.03356890459363958 0.0353356890459364
1 0.8551236749116607 0.42226148409893993 0.04240282685512368 0.04946996466431095
1 0.6007067137809188 0.9019434628975265 0.04240282685512368 0.044169611307420496
1 0.8886925795053003 0.7871024734982333 0.04240282685512368 0.03356890459363958
1 0.9090106007067138 0.22173144876325088 0.03356890459363958 0.03356890459363958
1 0.4107773851590106 0.5636042402826855 0.03356890459363958 0.04240282685512368
2 0.7826855123674912 0.15282685512367492 0.392226148409894 0.30565371024734983
2 0.38957597173144876 0.045053003533568906 0.1501766784452297 0.09010600706713781
2 0.7491166077738516 0.9037102473498233 0.10247349823321555 0.13604240282685512
