0 0.37279151943462896 0.7862190812720848 0.04946996466431095 0.4275618374558304
0 0.6386925795053003 0.5079505300353356 0.6625441696113075 0.10424028268551237
0 0.23409893992932862 0.18639575971731448 0.46819787985865724 0.07597173144876325
0 0.34452296819787986 0.48498233215547704 0.04240282685512368 0.1855123674911661
0 0.46024734982332155 0.40636042402826855 0.16431095406360424 0.04240282685512368
0 0.9522968197879859 0.8763250883392226 0.07420494699646643 0.24734982332155478
1 0.9646643109540636 0.3295053003533569 0.06713780918727916 0.09363957597173145
1 0.24293286219081273 0.4010600706713781 0.05830388692579505 0.04946996466431095
1 0.31095406360424027 0.303886925795053 0.04240282685512368 0.04240282685512368
1 0.1166077738515901 0.7773851590106007 0.06007067137809187 0.04240282685512368
1 0.037102473498233215 0.9584805653710248 0.0176678445229682 0.015901060070671377
1 0.08303886925795052 0.7455830388692579 0.06007067137809187 0.06007067137809187
2 0.6192579505300353 0.8330388692579506 0.3374558303886926 0.3339222614840989
2 0.8674911660777385 0.6360424028268551 0.19434628975265017 0.09187279151943463
2 0.26855123674911663 0.49646643109540634 0.09187279151943463 0.1166077738515901
2 0.6316254416961131 0.3030035335689046 0.09363957597173145 0.05123674911660778
2 0.7252650176678446 0.2058303886925795 0.07597173144876325 0.05830388692579505
2 0.8171378091872792 0.18462897526501768 0.05830388692579505 0.36925795053003535
2 0.3489399293286219 0.07862190812720848 0.10070671378091872 0.05830388692579505
2 0.4081272084805654 0.10424028268551237 0.10247349823321555 0.10954063604240283
2 0.6696113074204947 0.028268551236749116 0.254416961130742 0.04240282685512368
2 0.26501766784452296 0.6316254416961131 0.06713780918727916 0.13604240282685512
2 0.4628975265017668 0.4840989399293286 0.17667844522968199 0.09187279151943463
2 0.5777385159010601 0.4169611307420495 0.10954063604240283 0.14487632508833923
2 0.12985865724381626 0.2862190812720848 0.10070671378091872 0.08480565371024736
2 0.23498233215547704 0.7597173144876325 0.10954063604240283 0.14487632508833923
