0 0.3836805555555556 0.78125 0.04861111111111111 0.4375
0 0.6449652777777778 0.4991319444444444 0.6510416666666666 0.10243055555555555
0 0.2387152777777778 0.1831597222222222 0.4774305555555556 0.07465277777777778
0 0.013020833333333334 0.2821180555555556 0.026041666666666668 0.3871527777777778
0 0.3559027777777778 0.4765625 0.041666666666666664 0.18229166666666666
0 0.4696180555555556 0.3993055555555556 0.16145833333333334 0.041666666666666664
0 0.953125 0.8697916666666666 0.07291666666666667 0.2604166666666667
1 0.9652777777777778 0.3237847222222222 0.06597222222222222 0.0920138888888889
1 0.2560763888888889 0.3940972222222222 0.057291666666666664 0.04861111111111111
1 0.3229166666666667 0.2986111111111111 0.041666666666666664 0.041666666666666664
1 0.13194444444444445 0.7638888888888888 0.059027777777777776 0.041666666666666664
1 0.05381944444444445 0.9418402777777778 0.017361111111111112 0.015625
1 0.09895833333333333 0.7326388888888888 0.059027777777777776 0.059027777777777776
2 0.6258680555555556 0.8272569444444444 0.3315972222222222 0.3454861111111111
2 0.8697916666666666 0.625 0.1909722222222222 0.09027777777777778
2 0.28125 0.4878472222222222 0.09027777777777778 0.11458333333333333
2 0.6380208333333334 0.2977430555555556 0.0920138888888889 0.050347222222222224
2 0.7300347222222222 0.20225694444444445 0.07465277777777778 0.057291666666666664
2 0.8203125 0.1814236111111111 0.057291666666666664 0.3628472222222222
2 0.3602430555555556 0.07725694444444445 0.09895833333333333 0.057291666666666664
2 0.4184027777777778 0.10243055555555555 0.10069444444444445 0.1076388888888889
2 0.6753472222222222 0.027777777777777776 0.25 0.041666666666666664
2 0.2777777777777778 0.6206597222222222 0.06597222222222222 0.13368055555555555
2 0.4722222222222222 0.4756944444444444 0.1736111111111111 0.09027777777777778
2 0.5850694444444444 0.4097222222222222 0.1076388888888889 0.1423611111111111
2 0.1449652777777778 0.28125 0.09895833333333333 0.08333333333333333
2 0.2482638888888889 0.7465277777777778 0.1076388888888889 0.1423611111111111
