1 0.7942708333333334 0.6744791666666666 0.08506944444444445 0.078125
1 0.5842013888888888 0.9782986111111112 0.07465277777777778 0.043402777777777776
1 0.12413194444444445 0.59375 0.10243055555555555 0.125
1 0.1684027777777778 0.08506944444444445 0.12152777777777778 0.12152777777777778
1 0.5980902777777778 0.019097222222222224 0.05381944444444445 0.03819444444444445
1 0.6545138888888888 0.9939236111111112 0.03819444444444445 0.012152777777777778
1 0.7039930555555556 0.9539930555555556 0.050347222222222224 0.03993055555555555
0 0.6032986111111112 0.09722222222222222 0.1579861111111111 0.034722222222222224
0 0.5121527777777778 0.1831597222222222 0.052083333333333336 0.11631944444444445
0 0.5407986111111112 0.2621527777777778 0.046875 0.0625
0 0.5746527777777778 0.3298611111111111 0.04513888888888889 0.09027777777777778
0 0.5303819444444444 0.3984375 0.07465277777777778 0.08506944444444445
0 0.4869791666666667 0.4670138888888889 0.06076388888888889 0.06944444444444445
0 0.3767361111111111 0.6111111111111112 0.034722222222222224 0.09375
0 0.3246527777777778 0.6614583333333334 0.10416666666666667 0.04861111111111111
0 0.14583333333333334 0.9236111111111112 0.03819444444444445 0.1527777777777778
0 0.2838541666666667 0.8125 0.03298611111111111 0.16666666666666666
0 0.2508680555555556 0.7118055555555556 0.0954861111111111 0.03125
0 0.7265625 0.057291666666666664 0.1232638888888889 0.04861111111111111
0 0.8914930555555556 0.1015625 0.2170138888888889 0.06770833333333333
1 0.7135416666666666 0.8012152777777778 0.034722222222222224 0.03993055555555555
1 0.6006944444444444 0.7647569444444444 0.04513888888888889 0.022569444444444444
1 0.05295138888888889 0.1388888888888889 0.06076388888888889 0.05555555555555555
