1 0.8628472222222222 0.06770833333333333 0.024305555555555556 0.024305555555555556
1 0.9661458333333334 0.0720486111111111 0.019097222222222224 0.015625
1 0.6831597222222222 0.8628472222222222 0.03298611111111111 0.034722222222222224
1 0.671875 0.6987847222222222 0.020833333333333332 0.026041666666666668
1 0.8107638888888888 0.5 0.020833333333333332 0.024305555555555556
1 0.5746527777777778 0.9548611111111112 0.020833333333333332 0.034722222222222224
0 0.08333333333333333 0.09809027777777778 0.12152777777777778 0.029513888888888888
0 0.3107638888888889 0.140625 0.3402777777777778 0.03819444444444445
0 0.5364583333333334 0.22135416666666666 0.034722222222222224 0.17881944444444445
0 0.6163194444444444 0.3064236111111111 0.017361111111111112 0.06076388888888889
0 0.6623263888888888 0.3689236111111111 0.026041666666666668 0.0920138888888889
0 0.6953125 0.3532986111111111 0.0642361111111111 0.015625
0 0.7430555555555556 0.3324652777777778 0.04861111111111111 0.008680555555555556
0 0.7934027777777778 0.3255208333333333 0.059027777777777776 0.022569444444444444
0 0.6987847222222222 0.4253472222222222 0.026041666666666668 0.04513888888888889
0 0.6258680555555556 0.4791666666666667 0.15104166666666666 0.024305555555555556
0 0.5069444444444444 0.59375 0.024305555555555556 0.1875
0 0.4253472222222222 0.7065972222222222 0.017361111111111112 0.09027777777777778
0 0.4140625 0.8098958333333334 0.029513888888888888 0.1232638888888889
0 0.34375 0.9383680555555556 0.19791666666666666 0.029513888888888888
0 0.7899305555555556 0.1918402777777778 0.09722222222222222 0.008680555555555556
0 0.78125 0.23524305555555555 0.0625 0.015625
0 0.8480902777777778 0.13368055555555555 0.0642361111111111 0.017361111111111112
0 0.9722222222222222 0.04600694444444445 0.052083333333333336 0.008680555555555556
0 0.9184027777777778 0.09288194444444445 0.020833333333333332 0.0954861111111111
1 0.6979166666666666 0.09375 0.03819444444444445 0.034722222222222224
1 0.2378472222222222 0.3411458333333333 0.020833333333333332 0.029513888888888888
1 0.8411458333333334 0.6085069444444444 0.029513888888888888 0.026041666666666668
1 0.7751736111111112 0.7196180555555556 0.03298611111111111 0.046875
1 0.050347222222222224 0.8185763888888888 0.034722222222222224 0.026041666666666668
