0 0.2673611111111111 0.1605902777777778 0.10416666666666667 0.2934027777777778
0 0.1597222222222222 0.3029513888888889 0.1076388888888889 0.05381944444444445
0 0.140625 0.4461805555555556 0.05555555555555555 0.23958333333333334
0 0.0876736111111111 0.6059027777777778 0.050347222222222224 0.06597222222222222
0 0.1527777777777778 0.6553819444444444 0.125 0.03298611111111111
0 0.20225694444444445 0.703125 0.046875 0.0625
0 0.2690972222222222 0.8046875 0.0798611111111111 0.140625
0 0.2795138888888889 0.9079861111111112 0.059027777777777776 0.059027777777777776
0 0.3810763888888889 0.9661458333333334 0.15104166666666666 0.050347222222222224
1 0.7673611111111112 0.09635416666666667 0.34375 0.19270833333333334
1 0.7569444444444444 0.3298611111111111 0.2013888888888889 0.13194444444444445
1 0.9565972222222222 0.6102430555555556 0.052083333333333336 0.050347222222222224
