1 0.10677083333333333 0.1015625 0.1996527777777778 0.1996527777777778
1 0.5685763888888888 0.08940972222222222 0.2065972222222222 0.1684027777777778
1 0.40625 0.2517361111111111 0.1111111111111111 0.125
1 0.0234375 0.6293402777777778 0.046875 0.1371527777777778
1 0.1892361111111111 0.7057291666666666 0.09027777777777778 0.10243055555555555
1 0.4548611111111111 0.5451388888888888 0.059027777777777776 0.05555555555555555
1 0.5460069444444444 0.5269097222222222 0.08159722222222222 0.078125
1 0.1684027777777778 0.9565972222222222 0.12152777777777778 0.08680555555555555
1 0.71875 0.3550347222222222 0.08680555555555555 0.06770833333333333
1 0.6284722222222222 0.4088541666666667 0.059027777777777776 0.05381944444444445
1 0.7178819444444444 0.5069444444444444 0.06076388888888889 0.05555555555555555
1 0.8515625 0.390625 0.05381944444444445 0.04861111111111111
1 0.5980902777777778 0.8932291666666666 0.05381944444444445 0.06770833333333333
1 0.9878472222222222 0.7734375 0.024305555555555556 0.057291666666666664
0 0.6032986111111112 0.984375 0.1579861111111111 0.03125
0 0.7265625 0.9461805555555556 0.1232638888888889 0.04861111111111111
0 0.8914930555555556 0.9782986111111112 0.2170138888888889 0.043402777777777776
