1 0.4088541666666667 0.4071180555555556 0.07465277777777778 0.1440972222222222
1 0.22916666666666666 0.7465277777777778 0.08333333333333333 0.11805555555555555
1 0.5069444444444444 0.4722222222222222 0.052083333333333336 0.0763888888888889
1 0.6345486111111112 0.5173611111111112 0.06076388888888889 0.06597222222222222
1 0.5659722222222222 0.21875 0.052083333333333336 0.0763888888888889
0 0.1449652777777778 0.011284722222222222 0.2899305555555556 0.022569444444444444
0 0.3220486111111111 0.036458333333333336 0.08854166666666667 0.07291666666666667
0 0.5060763888888888 0.08940972222222222 0.296875 0.078125
0 0.6605902777777778 0.9513888888888888 0.0642361111111111 0.07291666666666667
0 0.7560763888888888 0.9071180555555556 0.14756944444444445 0.03298611111111111
0 0.8194444444444444 0.890625 0.034722222222222224 0.034722222222222224
0 0.8394097222222222 0.828125 0.050347222222222224 0.1423611111111111
0 0.8046875 0.7274305555555556 0.036458333333333336 0.09027777777777778
0 0.8541666666666666 0.6762152777777778 0.09027777777777778 0.043402777777777776
0 0.9375 0.6432291666666666 0.09375 0.03298611111111111
