1 0.3020833333333333 0.027777777777777776 0.020833333333333332 0.020833333333333332
1 0.7734375 0.043402777777777776 0.07118055555555555 0.0763888888888889
1 0.8628472222222222 0.17708333333333334 0.024305555555555556 0.024305555555555556
1 0.9661458333333334 0.1814236111111111 0.019097222222222224 0.015625
1 0.5989583333333334 0.042534722222222224 0.020833333333333332 0.022569444444444444
1 0.6831597222222222 0.9722222222222222 0.03298611111111111 0.034722222222222224
1 0.671875 0.8081597222222222 0.020833333333333332 0.026041666666666668
1 0.8107638888888888 0.609375 0.020833333333333332 0.024305555555555556
0 0.08333333333333333 0.2074652777777778 0.12152777777777778 0.029513888888888888
0 0.3107638888888889 0.25 0.3402777777777778 0.03819444444444445
0 0.5364583333333334 0.3307291666666667 0.034722222222222224 0.17881944444444445
0 0.6163194444444444 0.4157986111111111 0.017361111111111112 0.06076388888888889
0 0.6623263888888888 0.4782986111111111 0.026041666666666668 0.0920138888888889
0 0.6953125 0.4626736111111111 0.0642361111111111 0.015625
0 0.7430555555555556 0.4418402777777778 0.04861111111111111 0.008680555555555556
0 0.7934027777777778 0.4348958333333333 0.059027777777777776 0.022569444444444444
0 0.6987847222222222 0.5347222222222222 0.026041666666666668 0.04513888888888889
0 0.6258680555555556 0.5885416666666666 0.15104166666666666 0.024305555555555556
0 0.5069444444444444 0.703125 0.024305555555555556 0.1875
0 0.4253472222222222 0.8159722222222222 0.017361111111111112 0.09027777777777778
0 0.4140625 0.9192708333333334 0.029513888888888888 0.1232638888888889
0 0.7899305555555556 0.3012152777777778 0.09722222222222222 0.008680555555555556
0 0.78125 0.3446180555555556 0.0625 0.015625
0 0.8480902777777778 0.24305555555555555 0.0642361111111111 0.017361111111111112
0 0.9722222222222222 0.15538194444444445 0.052083333333333336 0.008680555555555556
0 0.9184027777777778 0.20225694444444445 0.020833333333333332 0.0954861111111111
1 0.6979166666666666 0.203125 0.03819444444444445 0.034722222222222224
1 0.2378472222222222 0.4505208333333333 0.020833333333333332 0.029513888888888888
1 0.8411458333333334 0.7178819444444444 0.029513888888888888 0.026041666666666668
1 0.7751736111111112 0.8289930555555556 0.03298611111111111 0.046875
1 0.050347222222222224 0.9279513888888888 0.034722222222222224 0.026041666666666668
1 0.23350694444444445 0.008680555555555556 0.029513888888888888 0.017361111111111112
