1 0.1840277777777778 0.4522569444444444 0.1875 0.13368055555555555
1 0.20052083333333334 0.6319444444444444 0.050347222222222224 0.0625
0 0.34375 0.016493055555555556 0.03819444444444445 0.03298611111111111
0 0.3203125 0.06076388888888889 0.03993055555555555 0.04861111111111111
0 0.375 0.08940972222222222 0.08680555555555555 0.019097222222222224
0 0.3993055555555556 0.13368055555555555 0.027777777777777776 0.0798611111111111
0 0.4322916666666667 0.1875 0.05555555555555555 0.03125
0 0.5225694444444444 0.3654513888888889 0.04861111111111111 0.2795138888888889
0 0.4817708333333333 0.21788194444444445 0.0954861111111111 0.03993055555555555
0 0.5538194444444444 0.5112847222222222 0.06944444444444445 0.029513888888888888
0 0.5720486111111112 0.5399305555555556 0.029513888888888888 0.03125
1 0.6536458333333334 0.8064236111111112 0.029513888888888888 0.05381944444444445
0 0.4123263888888889 0.011284722222222222 0.015625 0.022569444444444444
0 0.4461805555555556 0.027777777777777776 0.06597222222222222 0.027777777777777776
0 0.4991319444444444 0.0642361111111111 0.03993055555555555 0.05555555555555555
0 0.5434027777777778 0.06684027777777778 0.059027777777777776 0.050347222222222224
0 0.5694444444444444 0.11284722222222222 0.034722222222222224 0.06944444444444445
0 0.6128472222222222 0.1605902777777778 0.06944444444444445 0.015625
0 0.6553819444444444 0.21006944444444445 0.015625 0.041666666666666664
0 0.6440972222222222 0.1796875 0.013888888888888888 0.026041666666666668
0 0.6736111111111112 0.2282986111111111 0.034722222222222224 0.015625
0 0.6875 0.25 0.020833333333333332 0.03819444444444445
0 0.6770833333333334 0.2777777777777778 0.013888888888888888 0.024305555555555556
0 0.6979166666666666 0.2916666666666667 0.04513888888888889 0.013888888888888888
0 0.7265625 0.2977430555555556 0.019097222222222224 0.012152777777777778
0 0.7604166666666666 0.3333333333333333 0.03125 0.052083333333333336
0 0.7395833333333334 0.3064236111111111 0.013888888888888888 0.015625
0 0.7916666666666666 0.3576388888888889 0.052083333333333336 0.024305555555555556
0 0.8307291666666666 0.3776041666666667 0.043402777777777776 0.026041666666666668
0 0.8559027777777778 0.4105902777777778 0.017361111111111112 0.046875
0 0.8888888888888888 0.4366319444444444 0.052083333333333336 0.026041666666666668
0 0.9123263888888888 0.4748263888888889 0.012152777777777778 0.057291666666666664
0 0.9210069444444444 0.5017361111111112 0.012152777777777778 0.010416666666666666
0 0.9270833333333334 0.4956597222222222 0.013888888888888888 0.026041666666666668
0 0.9348958333333334 0.4887152777777778 0.008680555555555556 0.012152777777777778
0 0.9418402777777778 0.4826388888888889 0.008680555555555556 0.017361111111111112
0 0.9479166666666666 0.4748263888888889 0.006944444444444444 0.019097222222222224
0 0.9704861111111112 0.4626736111111111 0.03819444444444445 0.019097222222222224
0 0.9939236111111112 0.4826388888888889 0.012152777777777778 0.027777777777777776
0 0.9835069444444444 0.5008680555555556 0.012152777777777778 0.012152777777777778
0 0.9756944444444444 0.515625 0.010416666666666666 0.020833333333333332
0 0.9765625 0.5355902777777778 0.012152777777777778 0.022569444444444444
0 0.9904513888888888 0.5460069444444444 0.019097222222222224 0.012152777777777778
0 0.9861111111111112 0.625 0.027777777777777776 0.017361111111111112
0 0.9730902777777778 0.6371527777777778 0.008680555555555556 0.010416666666666666
0 0.9618055555555556 0.6571180555555556 0.027777777777777776 0.036458333333333336
0 0.9835069444444444 0.6631944444444444 0.03298611111111111 0.013888888888888888
0 0.9965277777777778 0.6753472222222222 0.006944444444444444 0.020833333333333332
0 0.9861111111111112 0.6987847222222222 0.017361111111111112 0.043402777777777776
0 0.5538194444444444 0.5633680555555556 0.017361111111111112 0.03298611111111111
0 0.5755208333333334 0.578125 0.036458333333333336 0.020833333333333332
0 0.6024305555555556 0.6050347222222222 0.020833333333333332 0.03298611111111111
0 0.578125 0.6336805555555556 0.03125 0.024305555555555556
0 0.5651041666666666 0.6493055555555556 0.015625 0.013888888888888888
0 0.5512152777777778 0.6605902777777778 0.012152777777777778 0.022569444444444444
0 0.5286458333333334 0.7239583333333334 0.012152777777777778 0.12152777777777778
0 0.5407986111111112 0.6736111111111112 0.022569444444444444 0.013888888888888888
0 0.5407986111111112 0.8333333333333334 0.03298611111111111 0.1076388888888889
0 0.5190972222222222 0.9045138888888888 0.013888888888888888 0.052083333333333336
0 0.5494791666666666 0.9192708333333334 0.03993055555555555 0.022569444444444444
0 0.5581597222222222 0.9453125 0.029513888888888888 0.022569444444444444
0 0.5381944444444444 0.9739583333333334 0.017361111111111112 0.04861111111111111
