1 0.7621527777777778 0.5798611111111112 0.034722222222222224 0.020833333333333332
1 0.7074652777777778 0.5694444444444444 0.043402777777777776 0.041666666666666664
1 0.7387152777777778 0.7864583333333334 0.029513888888888888 0.04513888888888889
1 0.4947916666666667 0.9444444444444444 0.020833333333333332 0.041666666666666664
1 0.5868055555555556 0.3862847222222222 0.020833333333333332 0.029513888888888888
1 0.9461805555555556 0.3246527777777778 0.020833333333333332 0.024305555555555556
1 0.7534722222222222 0.3741319444444444 0.024305555555555556 0.029513888888888888
1 0.5868055555555556 0.6510416666666666 0.020833333333333332 0.020833333333333332
1 0.5130208333333334 0.3628472222222222 0.03298611111111111 0.041666666666666664
1 0.6796875 0.1623263888888889 0.029513888888888888 0.029513888888888888
1 0.2751736111111111 0.029513888888888888 0.029513888888888888 0.024305555555555556
1 0.3993055555555556 0.057291666666666664 0.024305555555555556 0.020833333333333332
1 0.016493055555555556 0.2890625 0.03298611111111111 0.05381944444444445
1 0.4270833333333333 0.3350694444444444 0.020833333333333332 0.020833333333333332
1 0.5807291666666666 0.2282986111111111 0.026041666666666668 0.026041666666666668
1 0.3342013888888889 0.2760416666666667 0.022569444444444444 0.020833333333333332
1 0.2664930555555556 0.2378472222222222 0.029513888888888888 0.020833333333333332
1 0.6519097222222222 0.9956597222222222 0.012152777777777778 0.008680555555555556
1 0.4661458333333333 0.3993055555555556 0.015625 0.013888888888888888
1 0.5060763888888888 0.3185763888888889 0.012152777777777778 0.015625
1 0.4435763888888889 0.2769097222222222 0.019097222222222224 0.012152777777777778
1 0.4435763888888889 0.3081597222222222 0.026041666666666668 0.019097222222222224
1 0.3993055555555556 0.4071180555555556 0.017361111111111112 0.012152777777777778
1 0.3923611111111111 0.359375 0.013888888888888888 0.010416666666666666
1 0.5842013888888888 0.4557291666666667 0.012152777777777778 0.015625
1 0.6710069444444444 0.390625 0.015625 0.013888888888888888
1 0.4852430555555556 0.2907986111111111 0.012152777777777778 0.015625
1 0.4583333333333333 0.2664930555555556 0.017361111111111112 0.012152777777777778
1 0.5711805555555556 0.2847222222222222 0.013888888888888888 0.017361111111111112
1 0.640625 0.4756944444444444 0.017361111111111112 0.013888888888888888
1 0.5199652777777778 0.4114583333333333 0.015625 0.013888888888888888
1 0.4131944444444444 0.359375 0.013888888888888888 0.010416666666666666
1 0.4809027777777778 0.3602430555555556 0.006944444444444444 0.012152777777777778
1 0.5234375 0.3151041666666667 0.012152777777777778 0.012152777777777778
1 0.4696180555555556 0.3454861111111111 0.022569444444444444 0.010416666666666666
1 0.6770833333333334 0.4652777777777778 0.013888888888888888 0.020833333333333332
1 0.7960069444444444 0.5234375 0.012152777777777778 0.022569444444444444
1 0.2960069444444444 0.515625 0.012152777777777778 0.017361111111111112
1 0.2630208333333333 0.5182291666666666 0.008680555555555556 0.012152777777777778
1 0.4852430555555556 0.53125 0.012152777777777778 0.013888888888888888
1 0.6310763888888888 0.6015625 0.015625 0.015625
1 0.7786458333333334 0.5182291666666666 0.015625 0.026041666666666668
1 0.7456597222222222 0.5060763888888888 0.012152777777777778 0.015625
1 0.9166666666666666 0.1111111111111111 0.059027777777777776 0.034722222222222224
1 0.22569444444444445 0.5946180555555556 0.027777777777777776 0.026041666666666668
1 0.2170138888888889 0.3619791666666667 0.013888888888888888 0.015625
1 0.171875 0.2144097222222222 0.020833333333333332 0.012152777777777778
1 0.24131944444444445 0.1996527777777778 0.024305555555555556 0.017361111111111112
1 0.1840277777777778 0.16927083333333334 0.020833333333333332 0.012152777777777778
0 0.21180555555555555 0.9713541666666666 0.4236111111111111 0.05381944444444445
0 0.3984375 0.9401041666666666 0.09895833333333333 0.046875
0 0.4817708333333333 0.9930555555555556 0.14756944444444445 0.013888888888888888
1 0.9635416666666666 0.7951388888888888 0.07291666666666667 0.05555555555555555
1 0.1597222222222222 0.9071180555555556 0.0763888888888889 0.050347222222222224
1 0.7769097222222222 0.9713541666666666 0.046875 0.029513888888888888
1 0.3897569444444444 0.11979166666666667 0.029513888888888888 0.020833333333333332
1 0.28125 0.17447916666666666 0.034722222222222224 0.029513888888888888
1 0.3515625 0.1519097222222222 0.029513888888888888 0.03298611111111111
1 0.5746527777777778 0.3272569444444444 0.03819444444444445 0.029513888888888888
1 0.5373263888888888 0.2890625 0.029513888888888888 0.029513888888888888
1 0.5451388888888888 0.5564236111111112 0.03819444444444445 0.026041666666666668
1 0.019965277777777776 0.5651041666666666 0.03298611111111111 0.043402777777777776
1 0.15711805555555555 0.8142361111111112 0.036458333333333336 0.034722222222222224
1 0.3376736111111111 0.4852430555555556 0.029513888888888888 0.03298611111111111
1 0.09461805555555555 0.3984375 0.029513888888888888 0.029513888888888888
1 0.11979166666666667 0.1310763888888889 0.020833333333333332 0.026041666666666668
1 0.10590277777777778 0.2769097222222222 0.020833333333333332 0.029513888888888888
1 0.051215277777777776 0.3446180555555556 0.029513888888888888 0.029513888888888888
1 0.20572916666666666 0.5668402777777778 0.026041666666666668 0.029513888888888888
1 0.8550347222222222 0.2873263888888889 0.015625 0.019097222222222224
1 0.8637152777777778 0.027777777777777776 0.015625 0.017361111111111112
1 0.7743055555555556 0.10850694444444445 0.013888888888888888 0.019097222222222224
1 0.7925347222222222 0.059895833333333336 0.008680555555555556 0.012152777777777778
