1 0.3020833333333333 0.9166666666666666 0.020833333333333332 0.020833333333333332
1 0.14930555555555555 0.6944444444444444 0.020833333333333332 0.020833333333333332
1 0.1284722222222222 0.7335069444444444 0.020833333333333332 0.026041666666666668
1 0.7734375 0.9322916666666666 0.07118055555555555 0.0763888888888889
1 0.5989583333333334 0.9314236111111112 0.020833333333333332 0.022569444444444444
1 0.5590277777777778 0.7925347222222222 0.013888888888888888 0.019097222222222224
1 0.6354166666666666 0.6449652777777778 0.017361111111111112 0.015625
1 0.4279513888888889 0.5503472222222222 0.012152777777777778 0.013888888888888888
1 0.7152777777777778 0.390625 0.020833333333333332 0.013888888888888888
1 0.5425347222222222 0.2986111111111111 0.012152777777777778 0.020833333333333332
1 0.3689236111111111 0.3472222222222222 0.012152777777777778 0.013888888888888888
1 0.5824652777777778 0.2916666666666667 0.03298611111111111 0.03125
1 0.5164930555555556 0.03819444444444445 0.022569444444444444 0.017361111111111112
1 0.6397569444444444 0.0703125 0.015625 0.019097222222222224
1 0.5711805555555556 0.13802083333333334 0.017361111111111112 0.012152777777777778
1 0.4045138888888889 0.0703125 0.027777777777777776 0.015625
1 0.5 0.057291666666666664 0.013888888888888888 0.017361111111111112
1 0.4791666666666667 0.04600694444444445 0.017361111111111112 0.015625
1 0.6935763888888888 0.03993055555555555 0.022569444444444444 0.017361111111111112
1 0.5946180555555556 0.04079861111111111 0.015625 0.015625
1 0.3498263888888889 0.078125 0.008680555555555556 0.013888888888888888
1 0.8550347222222222 0.4348958333333333 0.109375 0.0920138888888889
1 0.9635416666666666 0.7378472222222222 0.03819444444444445 0.034722222222222224
1 0.2717013888888889 0.7508680555555556 0.046875 0.043402777777777776
1 0.08506944444444445 0.8767361111111112 0.059027777777777776 0.041666666666666664
1 0.5902777777777778 0.3541666666666667 0.034722222222222224 0.034722222222222224
1 0.3394097222222222 0.6284722222222222 0.029513888888888888 0.041666666666666664
1 0.3541666666666667 0.2786458333333333 0.041666666666666664 0.03298611111111111
1 0.3098958333333333 0.3107638888888889 0.029513888888888888 0.0798611111111111
1 0.4852430555555556 0.5581597222222222 0.03298611111111111 0.029513888888888888
1 0.19618055555555555 0.7526041666666666 0.03819444444444445 0.029513888888888888
1 0.2404513888888889 0.6857638888888888 0.026041666666666668 0.020833333333333332
1 0.2890625 0.4348958333333333 0.029513888888888888 0.03298611111111111
1 0.6892361111111112 0.010416666666666666 0.03819444444444445 0.020833333333333332
1 0.8663194444444444 0.14930555555555555 0.04513888888888889 0.03819444444444445
1 0.6215277777777778 0.11979166666666667 0.020833333333333332 0.020833333333333332
1 0.5390625 0.09461805555555555 0.03298611111111111 0.029513888888888888
1 0.6258680555555556 0.1605902777777778 0.022569444444444444 0.026041666666666668
1 0.6467013888888888 0.013020833333333334 0.029513888888888888 0.026041666666666668
1 0.1501736111111111 0.5034722222222222 0.029513888888888888 0.020833333333333332
1 0.019097222222222224 0.5329861111111112 0.020833333333333332 0.020833333333333332
1 0.23350694444444445 0.8958333333333334 0.029513888888888888 0.020833333333333332
1 0.051215277777777776 0.5381944444444444 0.015625 0.017361111111111112
1 0.12413194444444445 0.4505208333333333 0.015625 0.015625
1 0.3654513888888889 0.14149305555555555 0.015625 0.022569444444444444
1 0.3498263888888889 0.23958333333333334 0.012152777777777778 0.017361111111111112
1 0.1328125 0.2222222222222222 0.012152777777777778 0.017361111111111112
1 0.13541666666666666 0.0998263888888889 0.017361111111111112 0.012152777777777778
1 0.19791666666666666 0.0998263888888889 0.013888888888888888 0.015625
1 0.2439236111111111 0.09635416666666667 0.008680555555555556 0.015625
1 0.3602430555555556 0.015625 0.015625 0.013888888888888888
1 0.4730902777777778 0.0078125 0.015625 0.012152777777777778
1 0.4895833333333333 0.019965277777777776 0.010416666666666666 0.012152777777777778
1 0.5052083333333334 0.0078125 0.013888888888888888 0.012152777777777778
1 0.5451388888888888 0.026909722222222224 0.013888888888888888 0.012152777777777778
1 0.6145833333333334 0.0876736111111111 0.010416666666666666 0.019097222222222224
1 0.5173611111111112 0.1189236111111111 0.013888888888888888 0.012152777777777778
1 0.4921875 0.11284722222222222 0.019097222222222224 0.010416666666666666
1 0.3949652777777778 0.028645833333333332 0.012152777777777778 0.012152777777777778
1 0.203125 0.07465277777777778 0.024305555555555556 0.013888888888888888
1 0.4869791666666667 0.1762152777777778 0.015625 0.015625
1 0.5286458333333334 0.3402777777777778 0.03993055555555555 0.03819444444444445
1 0.5138888888888888 0.11371527777777778 0.010416666666666666 0.001736111111111111
