1 0.4947916666666667 0.05555555555555555 0.020833333333333332 0.041666666666666664
1 0.5772569444444444 0.2951388888888889 0.022569444444444444 0.017361111111111112
1 0.7986111111111112 0.3307291666666667 0.013888888888888888 0.015625
1 0.5625 0.3836805555555556 0.017361111111111112 0.013888888888888888
1 0.6050347222222222 0.3125 0.015625 0.013888888888888888
1 0.4592013888888889 0.1545138888888889 0.019097222222222224 0.013888888888888888
1 0.4401041666666667 0.17100694444444445 0.012152777777777778 0.019097222222222224
1 0.4244791666666667 0.2126736111111111 0.015625 0.019097222222222224
1 0.4600694444444444 0.2803819444444444 0.010416666666666666 0.012152777777777778
1 0.4713541666666667 0.16927083333333334 0.012152777777777778 0.012152777777777778
1 0.3854166666666667 0.2074652777777778 0.027777777777777776 0.015625
1 0.5737847222222222 0.2647569444444444 0.012152777777777778 0.012152777777777778
1 0.6553819444444444 0.13194444444444445 0.012152777777777778 0.013888888888888888
1 0.9157986111111112 0.15625 0.012152777777777778 0.013888888888888888
1 0.6519097222222222 0.10850694444444445 0.012152777777777778 0.012152777777777778
1 0.5277777777777778 0.2586805555555556 0.020833333333333332 0.024305555555555556
0 0.21180555555555555 0.08246527777777778 0.4236111111111111 0.05381944444444445
0 0.3984375 0.051215277777777776 0.09895833333333333 0.046875
0 0.4817708333333333 0.1076388888888889 0.14756944444444445 0.020833333333333332
0 0.5998263888888888 0.19791666666666666 0.057291666666666664 0.1875
0 0.7543402777777778 0.2560763888888889 0.203125 0.029513888888888888
0 0.9270833333333334 0.2361111111111111 0.14583333333333334 0.03819444444444445
1 0.1597222222222222 0.021701388888888888 0.0763888888888889 0.043402777777777776
1 0.4375 0.4392361111111111 0.024305555555555556 0.024305555555555556
1 0.7769097222222222 0.08246527777777778 0.046875 0.029513888888888888
1 0.9756944444444444 0.1545138888888889 0.020833333333333332 0.020833333333333332
