0 0.5260416666666666 0.7960069444444444 0.7118055555555556 0.2482638888888889
0 0.3125 0.04079861111111111 0.625 0.08159722222222222
0 0.9444444444444444 0.9097222222222222 0.08333333333333333 0.18055555555555555
0 0.7491319444444444 0.12586805555555555 0.4982638888888889 0.1579861111111111
0 0.5477430555555556 0.5425347222222222 0.046875 0.296875
0 0.9774305555555556 0.8758680555555556 0.041666666666666664 0.1579861111111111
0 0.9774305555555556 0.6232638888888888 0.041666666666666664 0.11805555555555555
0 0.9652777777777778 0.4895833333333333 0.06597222222222222 0.1076388888888889
1 0.7664930555555556 0.08159722222222222 0.03298611111111111 0.041666666666666664
1 0.5720486111111112 0.2916666666666667 0.057291666666666664 0.041666666666666664
1 0.7873263888888888 0.5243055555555556 0.057291666666666664 0.041666666666666664
1 0.2647569444444444 0.6076388888888888 0.07465277777777778 0.041666666666666664
1 0.3394097222222222 0.5746527777777778 0.057291666666666664 0.09027777777777778
1 0.4262152777777778 0.6362847222222222 0.050347222222222224 0.03298611111111111
1 0.3168402777777778 0.24913194444444445 0.03298611111111111 0.022569444444444444
1 0.4375 0.17708333333333334 0.020833333333333332 0.017361111111111112
1 0.1189236111111111 0.46875 0.036458333333333336 0.027777777777777776
1 0.3029513888888889 0.4244791666666667 0.015625 0.012152777777777778
1 0.4166666666666667 0.3194444444444444 0.017361111111111112 0.013888888888888888
1 0.1875 0.3715277777777778 0.013888888888888888 0.010416666666666666
1 0.1892361111111111 0.3967013888888889 0.010416666666666666 0.012152777777777778
1 0.2708333333333333 0.5008680555555556 0.013888888888888888 0.019097222222222224
1 0.23697916666666666 0.5069444444444444 0.022569444444444444 0.013888888888888888
1 0.06597222222222222 0.2378472222222222 0.013888888888888888 0.010416666666666666
1 0.10677083333333333 0.3324652777777778 0.008680555555555556 0.012152777777777778
1 0.125 0.3628472222222222 0.010416666666666666 0.017361111111111112
1 0.4001736111111111 0.3602430555555556 0.012152777777777778 0.012152777777777778
1 0.4826388888888889 0.3151041666666667 0.013888888888888888 0.019097222222222224
1 0.5069444444444444 0.5746527777777778 0.020833333333333332 0.017361111111111112
1 0.2222222222222222 0.5677083333333334 0.017361111111111112 0.013888888888888888
1 0.21961805555555555 0.5329861111111112 0.012152777777777778 0.010416666666666666
1 0.12239583333333333 0.5112847222222222 0.012152777777777778 0.008680555555555556
1 0.1527777777777778 0.5234375 0.010416666666666666 0.008680555555555556
1 0.3967013888888889 0.5520833333333334 0.022569444444444444 0.027777777777777776
1 0.5034722222222222 0.7256944444444444 0.027777777777777776 0.024305555555555556
1 0.3836805555555556 0.8046875 0.020833333333333332 0.015625
1 0.3420138888888889 0.8246527777777778 0.03819444444444445 0.05555555555555555
1 0.6258680555555556 0.9635416666666666 0.03298611111111111 0.024305555555555556
1 0.6041666666666666 0.9296875 0.041666666666666664 0.03298611111111111
1 0.1605902777777778 0.9852430555555556 0.03298611111111111 0.029513888888888888
1 0.6918402777777778 0.07465277777777778 0.050347222222222224 0.06597222222222222
1 0.2152777777777778 0.4730902777777778 0.059027777777777776 0.050347222222222224
1 0.3463541666666667 0.2934027777777778 0.06770833333333333 0.04861111111111111
