1 0.10850694444444445 0.2387152777777778 0.1440972222222222 0.10590277777777778
1 0.23697916666666666 0.6449652777777778 0.11979166666666667 0.10590277777777778
1 0.6623263888888888 0.3654513888888889 0.0642361111111111 0.078125
1 0.6241319444444444 0.2482638888888889 0.050347222222222224 0.034722222222222224
1 0.3637152777777778 0.21961805555555555 0.0642361111111111 0.05381944444444445
1 0.5625 0.6336805555555556 0.059027777777777776 0.052083333333333336
1 0.017361111111111112 0.7734375 0.034722222222222224 0.057291666666666664
0 0.08854166666666667 0.9782986111111112 0.17708333333333334 0.043402777777777776
0 0.6319444444444444 0.9288194444444444 0.059027777777777776 0.1423611111111111
0 0.7803819444444444 0.7057291666666666 0.1684027777777778 0.05381944444444445
0 0.9262152777777778 0.7256944444444444 0.1371527777777778 0.04861111111111111
0 0.6623263888888888 0.7821180555555556 0.08506944444444445 0.1440972222222222
