1 0.9722222222222222 0.06770833333333333 0.024305555555555556 0.024305555555555556
1 0.026909722222222224 0.046875 0.012152777777777778 0.013888888888888888
1 0.7925347222222222 0.8628472222222222 0.03298611111111111 0.034722222222222224
1 0.78125 0.6987847222222222 0.020833333333333332 0.026041666666666668
1 0.9201388888888888 0.5 0.020833333333333332 0.024305555555555556
1 0.6840277777777778 0.9548611111111112 0.020833333333333332 0.034722222222222224
0 0.06944444444444445 0.1267361111111111 0.1388888888888889 0.03819444444444445
0 0.19270833333333334 0.09809027777777778 0.12152777777777778 0.029513888888888888
0 0.4201388888888889 0.140625 0.3402777777777778 0.03819444444444445
0 0.6458333333333334 0.22135416666666666 0.034722222222222224 0.17881944444444445
0 0.7256944444444444 0.3064236111111111 0.017361111111111112 0.06076388888888889
0 0.7717013888888888 0.3689236111111111 0.026041666666666668 0.0920138888888889
0 0.8046875 0.3532986111111111 0.0642361111111111 0.015625
0 0.8524305555555556 0.3324652777777778 0.04861111111111111 0.008680555555555556
0 0.9027777777777778 0.3255208333333333 0.059027777777777776 0.022569444444444444
0 0.8081597222222222 0.4253472222222222 0.026041666666666668 0.04513888888888889
0 0.7352430555555556 0.4791666666666667 0.15104166666666666 0.024305555555555556
0 0.6163194444444444 0.59375 0.024305555555555556 0.1875
0 0.5347222222222222 0.7065972222222222 0.017361111111111112 0.09027777777777778
0 0.5234375 0.8098958333333334 0.029513888888888888 0.1232638888888889
0 0.453125 0.9383680555555556 0.19791666666666666 0.029513888888888888
0 0.8993055555555556 0.1918402777777778 0.09722222222222222 0.008680555555555556
0 0.890625 0.23524305555555555 0.0625 0.015625
0 0.9574652777777778 0.13368055555555555 0.0642361111111111 0.017361111111111112
1 0.06684027777777778 0.9244791666666666 0.050347222222222224 0.050347222222222224
1 0.8072916666666666 0.09375 0.03819444444444445 0.034722222222222224
1 0.3472222222222222 0.3411458333333333 0.020833333333333332 0.029513888888888888
1 0.9505208333333334 0.6085069444444444 0.029513888888888888 0.026041666666666668
1 0.8845486111111112 0.7196180555555556 0.03298611111111111 0.046875
1 0.1597222222222222 0.8185763888888888 0.034722222222222224 0.026041666666666668
1 0.08680555555555555 0.04513888888888889 0.020833333333333332 0.020833333333333332
