0 0.09722222222222222 0.8446180555555556 0.19444444444444445 0.078125
0 0.2595486111111111 0.8003472222222222 0.2170138888888889 0.0625
0 0.3723958333333333 0.7578125 0.0954861111111111 0.05381944444444445
0 0.4105902777777778 0.6753472222222222 0.109375 0.15625
0 0.5112847222222222 0.6223958333333334 0.16145833333333334 0.06770833333333333
0 0.6067708333333334 0.5338541666666666 0.07118055555555555 0.140625
0 0.6588541666666666 0.4869791666666667 0.0954861111111111 0.07118055555555555
0 0.7256944444444444 0.3098958333333333 0.125 0.3315972222222222
0 0.7135416666666666 0.07899305555555555 0.14930555555555555 0.1579861111111111
0 0.9722222222222222 0.035590277777777776 0.05555555555555555 0.07118055555555555
0 0.7942708333333334 0.5494791666666666 0.1684027777777778 0.10243055555555555
