0 0.133959 0.080997 0.051405 0.146418
0 0.080221 0.151869 0.052966 0.026479
0 0.070876 0.223526 0.028031 0.119939
0 0.044397 0.302962 0.024926 0.032706
0 0.077103 0.327884 0.062307 0.017138
0 0.101249 0.352029 0.023365 0.031154
0 0.134779 0.402602 0.040416 0.070252
0 0.140191 0.454050 0.029592 0.029592
0 0.190811 0.482871 0.074770 0.024926
1 0.548504 0.512567 0.129705 0.084319
1 0.383959 0.048287 0.171336 0.096574
1 0.378508 0.165113 0.101249 0.065421
1 0.092680 0.726639 0.093461 0.066982
1 0.100468 0.816201 0.024926 0.031154
1 0.478196 0.305299 0.026487 0.024926
1 0.541266 0.347355 0.024944 0.018699
1 0.822433 0.613708 0.026479 0.018690
0 0.172121 0.506232 0.018690 0.021813
0 0.160438 0.531154 0.020252 0.024926
0 0.187697 0.545399 0.043617 0.009341
0 0.200000 0.567997 0.013356 0.040000
0 0.216665 0.594666 0.028005 0.015993
0 0.261340 0.683330 0.023981 0.140000
0 0.241331 0.610000 0.048005 0.020000
0 0.277333 0.756665 0.034666 0.014666
0 0.285997 0.770663 0.014666 0.016002
1 0.327333 0.903998 0.014666 0.026661
1 0.891331 0.874666 0.028005 0.013339
2 0.624666 0.315997 0.033339 0.016002
2 0.677333 0.027333 0.128005 0.051995
2 0.704683 0.628014 0.099913 0.042671
2 0.638001 0.597997 0.046670 0.041336
2 0.683330 0.598669 0.038664 0.026670
0 0.206665 0.504666 0.008005 0.014675
0 0.223335 0.514666 0.033330 0.013339
0 0.250000 0.532663 0.020035 0.027997
0 0.272003 0.534003 0.029332 0.025334
0 0.284666 0.557333 0.017329 0.034666
0 0.306665 0.581349 0.034666 0.007971
0 0.327732 0.606114 0.007381 0.020555
0 0.322363 0.590598 0.007034 0.013131
0 0.336908 0.614991 0.017355 0.007502
0 0.343942 0.625781 0.009844 0.019696
0 0.338547 0.639618 0.007502 0.011726
0 0.349337 0.646422 0.022524 0.006565
0 0.363643 0.649709 0.009853 0.005629
0 0.380286 0.667311 0.015039 0.025828
0 0.369978 0.653929 0.007502 0.007511
0 0.395781 0.679258 0.026271 0.012203
0 0.415481 0.689345 0.021578 0.012671
0 0.428140 0.705551 0.008422 0.023417
0 0.444566 0.719133 0.025334 0.013131
0 0.456058 0.737663 0.006097 0.028612
0 0.460516 0.751505 0.005629 0.004692
0 0.463799 0.748452 0.006574 0.012671
0 0.467550 0.744696 0.003755 0.006097
0 0.470603 0.742121 0.004224 0.008439
0 0.474120 0.738140 0.003747 0.009844
0 0.485377 0.732034 0.018768 0.008907
0 0.496873 0.741886 0.006097 0.014545
0 0.491947 0.751266 0.005629 0.006106
0 0.487524 0.758313 0.005403 0.010451
0 0.488309 0.768591 0.005273 0.011180
0 0.500221 0.773907 0.020182 0.005993
0 0.516227 0.794350 0.015455 0.039315
0 0.498174 0.813356 0.024484 0.009020
0 0.486743 0.819029 0.004501 0.005239
0 0.480750 0.829445 0.013990 0.018127
0 0.493239 0.831873 0.019731 0.007025
0 0.498881 0.838092 0.004926 0.009853
0 0.493062 0.849952 0.009402 0.021032
0 0.504688 0.871292 0.023842 0.030928
0 0.525304 0.873873 0.023842 0.015464
0 0.541735 0.893846 0.011587 0.032220
0 0.534328 0.909957 0.007095 0.020624
0 0.543998 0.923812 0.021266 0.018690
0 0.551080 0.946691 0.018690 0.028352
0 0.573313 0.960542 0.033513 0.013539
0 0.586526 0.971175 0.009670 0.016748
0 0.597160 0.988487 0.014180 0.023027
0 0.276821 0.782311 0.008786 0.016210
0 0.287966 0.789740 0.018916 0.010807
0 0.301431 0.803252 0.010841 0.016219
0 0.289302 0.817428 0.016245 0.012151
0 0.282901 0.825542 0.007433 0.006748
0 0.275468 0.830607 0.006080 0.011483
0 0.264662 0.862680 0.006080 0.060833
0 0.270746 0.837697 0.011483 0.006756
0 0.270382 0.917073 0.016219 0.053365
0 0.259679 0.952398 0.006487 0.025976
0 0.274987 0.959775 0.020416 0.011223
0 0.279627 0.972810 0.014848 0.011136
0 0.269419 0.987797 0.009280 0.024406
1 0.989198 0.666730 0.021605 0.024510
1 0.862255 0.538330 0.019844 0.022177
1 0.948057 0.735603 0.016323 0.036184
2 0.428023 0.240087 0.080538 0.079376
2 0.530160 0.311873 0.030347 0.047858
2 0.693578 0.402342 0.058361 0.056028
