1 0.053738 0.051405 0.099688 0.099688
1 0.284271 0.045173 0.102801 0.084120
1 0.203274 0.126171 0.056071 0.062298
1 0.012073 0.314644 0.024146 0.068543
1 0.095017 0.352806 0.045178 0.051405
1 0.227415 0.272589 0.029592 0.028040
1 0.273365 0.264024 0.040503 0.038942
1 0.555299 0.119939 0.071657 0.052958
1 0.619163 0.322433 0.059193 0.052966
1 0.648755 0.704055 0.037389 0.071648
1 0.559189 0.873833 0.042056 0.059185
1 0.397199 0.781154 0.042064 0.038942
1 0.292056 0.941592 0.037381 0.038933
1 0.062307 0.741435 0.051396 0.062298
1 0.084480 0.486756 0.060026 0.060763
1 0.831778 0.183027 0.032715 0.038942
1 0.812632 0.124111 0.024918 0.017173
1 0.682767 0.110225 0.032454 0.027042
1 0.359341 0.177836 0.043261 0.034614
1 0.314449 0.204337 0.029211 0.027042
1 0.359341 0.253604 0.030286 0.028231
1 0.425863 0.195681 0.027042 0.024874
1 0.781739 0.317368 0.029202 0.025958
1 0.299306 0.446635 0.027042 0.033530
1 0.697910 0.736631 0.025967 0.037858
1 0.761726 0.759350 0.030286 0.033530
1 0.727116 0.610074 0.025958 0.037858
1 0.311748 0.979475 0.028127 0.019471
1 0.327433 0.947021 0.018387 0.017303
1 0.352311 0.921062 0.024883 0.019471
1 0.141383 0.979475 0.016227 0.028127
1 0.503205 0.386709 0.030295 0.028127
0 0.051600 0.959948 0.046513 0.058526
0 0.301470 0.492663 0.078968 0.017415
0 0.256578 0.535980 0.025958 0.058413
0 0.270642 0.575460 0.023799 0.031370
0 0.287411 0.609536 0.022715 0.045438
0 0.265234 0.643608 0.036782 0.042186
0 0.243599 0.677680 0.030286 0.034614
0 0.188435 0.749614 0.017303 0.046513
0 0.162472 0.775030 0.051917 0.023799
0 0.073235 0.905919 0.018387 0.075724
0 0.142463 0.850212 0.016219 0.083287
0 0.125698 0.799913 0.047598 0.015143
0 0.363127 0.473244 0.061657 0.023799
0 0.490768 0.495416 0.197944 0.033539
0 0.605425 0.515967 0.044345 0.042186
0 0.697368 0.545716 0.148196 0.038942
0 0.816353 0.480273 0.029202 0.102767
0 0.890451 0.352637 0.084371 0.027042
0 0.963465 0.362910 0.068144 0.023790
0 0.831500 0.391032 0.042186 0.071396
1 0.357177 0.844805 0.017303 0.020555
1 0.300386 0.826414 0.022715 0.011891
1 0.027259 0.513807 0.030286 0.027042
0 0.774709 0.976171 0.032454 0.036886
0 0.822303 0.954055 0.073556 0.016227
0 0.853673 0.945941 0.017303 0.017311
0 0.863951 0.914571 0.024883 0.071396
0 0.846644 0.864271 0.018387 0.044345
0 0.870980 0.838855 0.045429 0.021631
0 0.912624 0.822086 0.046513 0.016227
2 0.966305 0.884280 0.067389 0.103859
2 0.734146 0.912949 0.072472 0.033530
2 0.523213 0.573786 0.068144 0.095291
2 0.642203 0.452151 0.085447 0.065984
2 0.482676 0.103304 0.075759 0.064909
2 0.950087 0.170369 0.099827 0.136297
2 0.545932 0.246088 0.087615 0.028118
2 0.441548 0.253604 0.106010 0.013088
2 0.095945 0.273673 0.061657 0.037858
2 0.097572 0.637658 0.038942 0.123313
