0 0.3420138888888889 0.9609375 0.6493055555555556 0.078125
0 0.4253472222222222 0.4253472222222222 0.04861111111111111 0.8506944444444444
0 0.7300347222222222 0.3993055555555556 0.5399305555555556 0.4236111111111111
0 0.042534722222222224 0.12065972222222222 0.08506944444444445 0.0954861111111111
0 0.08506944444444445 0.6970486111111112 0.1701388888888889 0.050347222222222224
0 0.9791666666666666 0.08680555555555555 0.041666666666666664 0.1736111111111111
1 0.8081597222222222 0.6519097222222222 0.11631944444444445 0.1579861111111111
1 0.3515625 0.7135416666666666 0.03298611111111111 0.017361111111111112
1 0.4348958333333333 0.8090277777777778 0.03298611111111111 0.041666666666666664
1 0.3098958333333333 0.5677083333333334 0.03298611111111111 0.0763888888888889
1 0.28125 0.24479166666666666 0.041666666666666664 0.041666666666666664
1 0.8498263888888888 0.9826388888888888 0.050347222222222224 0.034722222222222224
1 0.2439236111111111 0.5121527777777778 0.03298611111111111 0.041666666666666664
1 0.022569444444444444 0.5668402777777778 0.04513888888888889 0.09895833333333333
1 0.16927083333333334 0.2222222222222222 0.050347222222222224 0.024305555555555556
1 0.09895833333333333 0.17274305555555555 0.041666666666666664 0.026041666666666668
1 0.1449652777777778 0.14756944444444445 0.03298611111111111 0.024305555555555556
1 0.5885416666666666 0.2065972222222222 0.041666666666666664 0.041666666666666664
1 0.5598958333333334 0.3263888888888889 0.03298611111111111 0.034722222222222224
1 0.9453125 0.390625 0.057291666666666664 0.041666666666666664
1 0.08940972222222222 0.8506944444444444 0.17881944444444445 0.14930555555555555
1 0.0954861111111111 0.05295138888888889 0.017361111111111112 0.015625
2 0.8576388888888888 0.8784722222222222 0.2152777777777778 0.24305555555555555
2 0.9322916666666666 0.6866319444444444 0.13194444444444445 0.1579861111111111
2 0.6258680555555556 0.7239583333333334 0.1996527777777778 0.2326388888888889
2 0.3151041666666667 0.3506944444444444 0.1579861111111111 0.6215277777777778
2 0.7126736111111112 0.4427083333333333 0.140625 0.2326388888888889
2 0.8784722222222222 0.3472222222222222 0.059027777777777776 0.059027777777777776
2 0.6675347222222222 0.06944444444444445 0.3315972222222222 0.1388888888888889
2 0.2977430555555556 0.8845486111111112 0.140625 0.050347222222222224
