0 0.4253472222222222 0.78125 0.04861111111111111 0.4375
0 0.6805555555555556 0.4991319444444444 0.6388888888888888 0.10243055555555555
0 0.2595486111111111 0.1831597222222222 0.5190972222222222 0.07465277777777778
0 0.033854166666666664 0.2821180555555556 0.06770833333333333 0.3871527777777778
0 0.042534722222222224 0.9809027777777778 0.08506944444444445 0.03819444444444445
0 0.3975694444444444 0.4765625 0.041666666666666664 0.18229166666666666
0 0.5112847222222222 0.3993055555555556 0.16145833333333334 0.041666666666666664
0 0.9791666666666666 0.8697916666666666 0.041666666666666664 0.2604166666666667
1 0.9869791666666666 0.3237847222222222 0.026041666666666668 0.0920138888888889
1 0.2977430555555556 0.3940972222222222 0.057291666666666664 0.04861111111111111
1 0.3645833333333333 0.2986111111111111 0.041666666666666664 0.041666666666666664
1 0.1736111111111111 0.7638888888888888 0.059027777777777776 0.041666666666666664
1 0.0954861111111111 0.9418402777777778 0.017361111111111112 0.015625
1 0.140625 0.7326388888888888 0.059027777777777776 0.059027777777777776
2 0.6675347222222222 0.8272569444444444 0.3315972222222222 0.3454861111111111
2 0.9079861111111112 0.625 0.1840277777777778 0.09027777777777778
2 0.3229166666666667 0.4878472222222222 0.09027777777777778 0.11458333333333333
2 0.6796875 0.2977430555555556 0.0920138888888889 0.050347222222222224
2 0.7717013888888888 0.20225694444444445 0.07465277777777778 0.057291666666666664
2 0.8619791666666666 0.1814236111111111 0.057291666666666664 0.3628472222222222
2 0.4019097222222222 0.07725694444444445 0.09895833333333333 0.057291666666666664
2 0.4600694444444444 0.10243055555555555 0.10069444444444445 0.1076388888888889
2 0.7170138888888888 0.027777777777777776 0.25 0.041666666666666664
2 0.3194444444444444 0.6206597222222222 0.06597222222222222 0.13368055555555555
2 0.5138888888888888 0.4756944444444444 0.1736111111111111 0.09027777777777778
2 0.6267361111111112 0.4097222222222222 0.1076388888888889 0.1423611111111111
2 0.18663194444444445 0.28125 0.09895833333333333 0.08333333333333333
2 0.2899305555555556 0.7465277777777778 0.1076388888888889 0.1423611111111111
