0 0.5677083333333334 0.7960069444444444 0.7118055555555556 0.2482638888888889
0 0.3420138888888889 0.04079861111111111 0.6493055555555556 0.08159722222222222
0 0.9722222222222222 0.9097222222222222 0.05555555555555555 0.18055555555555555
0 0.7708333333333334 0.12586805555555555 0.4583333333333333 0.1579861111111111
0 0.5894097222222222 0.5425347222222222 0.046875 0.296875
0 0.9869791666666666 0.4895833333333333 0.026041666666666668 0.1076388888888889
1 0.8081597222222222 0.08159722222222222 0.03298611111111111 0.041666666666666664
1 0.6137152777777778 0.2916666666666667 0.057291666666666664 0.041666666666666664
1 0.8289930555555556 0.5243055555555556 0.057291666666666664 0.041666666666666664
1 0.3064236111111111 0.6076388888888888 0.07465277777777778 0.041666666666666664
1 0.3810763888888889 0.5746527777777778 0.057291666666666664 0.09027777777777778
1 0.4678819444444444 0.6362847222222222 0.050347222222222224 0.03298611111111111
1 0.3585069444444444 0.24913194444444445 0.03298611111111111 0.022569444444444444
1 0.4791666666666667 0.17708333333333334 0.020833333333333332 0.017361111111111112
1 0.1605902777777778 0.46875 0.036458333333333336 0.027777777777777776
1 0.3446180555555556 0.4244791666666667 0.015625 0.012152777777777778
1 0.4583333333333333 0.3194444444444444 0.017361111111111112 0.013888888888888888
1 0.22916666666666666 0.3715277777777778 0.013888888888888888 0.010416666666666666
1 0.2309027777777778 0.3967013888888889 0.010416666666666666 0.012152777777777778
1 0.3125 0.5008680555555556 0.013888888888888888 0.019097222222222224
1 0.2786458333333333 0.5069444444444444 0.022569444444444444 0.013888888888888888
1 0.1076388888888889 0.2378472222222222 0.013888888888888888 0.010416666666666666
1 0.1484375 0.3324652777777778 0.008680555555555556 0.012152777777777778
1 0.16666666666666666 0.3628472222222222 0.010416666666666666 0.017361111111111112
1 0.4418402777777778 0.3602430555555556 0.012152777777777778 0.012152777777777778
1 0.5243055555555556 0.3151041666666667 0.013888888888888888 0.019097222222222224
1 0.5486111111111112 0.5746527777777778 0.020833333333333332 0.017361111111111112
1 0.2638888888888889 0.5677083333333334 0.017361111111111112 0.013888888888888888
1 0.2612847222222222 0.5329861111111112 0.012152777777777778 0.010416666666666666
1 0.1640625 0.5112847222222222 0.012152777777777778 0.008680555555555556
1 0.19444444444444445 0.5234375 0.010416666666666666 0.008680555555555556
1 0.4383680555555556 0.5520833333333334 0.022569444444444444 0.027777777777777776
1 0.5451388888888888 0.7256944444444444 0.027777777777777776 0.024305555555555556
1 0.4253472222222222 0.8046875 0.020833333333333332 0.015625
1 0.3836805555555556 0.8246527777777778 0.03819444444444445 0.05555555555555555
1 0.6675347222222222 0.9635416666666666 0.03298611111111111 0.024305555555555556
1 0.6458333333333334 0.9296875 0.041666666666666664 0.03298611111111111
1 0.20225694444444445 0.9852430555555556 0.03298611111111111 0.029513888888888888
1 0.7335069444444444 0.07465277777777778 0.050347222222222224 0.06597222222222222
1 0.2569444444444444 0.4730902777777778 0.059027777777777776 0.050347222222222224
1 0.3880208333333333 0.2934027777777778 0.06770833333333333 0.04861111111111111
2 0.7664930555555556 0.4496527777777778 0.4357638888888889 0.4444444444444444
