0 0.9444444444444444 0.0798611111111111 0.08333333333333333 0.1597222222222222
0 0.2569444444444444 0.06944444444444445 0.4409722222222222 0.06597222222222222
0 0.8949652777777778 0.28125 0.07465277777777778 0.3229166666666667
0 0.2604166666666667 0.3333333333333333 0.2326388888888889 0.059027777777777776
0 0.3298611111111111 0.3767361111111111 0.1076388888888889 0.10069444444444445
0 0.4305555555555556 0.7335069444444444 0.2326388888888889 0.0642361111111111
0 0.7170138888888888 0.7039930555555556 0.2152777777777778 0.07465277777777778
0 0.7673611111111112 0.6041666666666666 0.08333333333333333 0.03819444444444445
0 0.7743055555555556 0.5416666666666666 0.10069444444444445 0.034722222222222224
0 0.8159722222222222 0.4513888888888889 0.06597222222222222 0.06597222222222222
0 0.8038194444444444 0.5182291666666666 0.041666666666666664 0.03298611111111111
0 0.9027777777777778 0.5225694444444444 0.041666666666666664 0.041666666666666664
0 0.953125 0.6041666666666666 0.09027777777777778 0.041666666666666664
0 0.3897569444444444 0.4722222222222222 0.057291666666666664 0.5555555555555556
0 0.9114583333333334 0.5737847222222222 0.059027777777777776 0.03298611111111111
1 0.6467013888888888 0.22569444444444445 0.057291666666666664 0.059027777777777776
1 0.6171875 0.3671875 0.09895833333333333 0.1267361111111111
1 0.5920138888888888 0.4739583333333333 0.08333333333333333 0.06597222222222222
1 0.2942708333333333 0.8394097222222222 0.09895833333333333 0.11631944444444445
1 0.7916666666666666 0.11284722222222222 0.017361111111111112 0.024305555555555556
1 0.3185763888888889 0.5069444444444444 0.03298611111111111 0.034722222222222224
1 0.7465277777777778 0.4322916666666667 0.041666666666666664 0.04861111111111111
1 0.4965277777777778 0.9036458333333334 0.041666666666666664 0.043402777777777776
1 0.7795138888888888 0.7907986111111112 0.041666666666666664 0.03298611111111111
1 0.7994791666666666 0.23524305555555555 0.03298611111111111 0.03298611111111111
1 0.3098958333333333 0.5711805555555556 0.03298611111111111 0.041666666666666664
2 0.6753472222222222 0.15885416666666666 0.3854166666666667 0.3177083333333333
2 0.2890625 0.05295138888888889 0.14756944444444445 0.10590277777777778
2 0.6423611111111112 0.9053819444444444 0.10069444444444445 0.13368055555555555
