0 0.897975 0.867602 0.071648 0.264796
1 0.890186 0.607480 0.180685 0.143304
1 0.839957 0.057632 0.320087 0.115265
0 0.313088 0.252337 0.029592 0.056071
0 0.345017 0.295173 0.034267 0.045178
0 0.413552 0.323209 0.102801 0.038942
0 0.470403 0.357480 0.057632 0.042056
1 0.552186 0.404987 0.093461 0.096531
1 0.968851 0.198599 0.057632 0.166670
0 0.827884 0.366821 0.074761 0.350468
0 0.094241 0.982866 0.037381 0.034267
2 0.199380 0.361370 0.132394 0.099688
2 0.465729 0.187693 0.250798 0.157311
2 0.190820 0.087225 0.214944 0.124597
0 0.641748 0.485204 0.060755 0.051396
0 0.723521 0.535052 0.124614 0.073209
2 0.262463 0.625395 0.183799 0.169783
2 0.966899 0.437697 0.066201 0.146409
2 0.546735 0.766357 0.088786 0.137069
2 0.374614 0.416670 0.124614 0.113703
2 0.470408 0.423677 0.045169 0.046730
2 0.500004 0.063083 0.073209 0.042056
2 0.577884 0.033491 0.147979 0.066982
2 0.109814 0.204753 0.155759 0.060902
2 0.204055 0.264020 0.110590 0.073209
2 0.143304 0.489098 0.132402 0.093461
