1 0.209501 0.725082 0.249219 0.129280
1 0.182246 0.641748 0.045169 0.056071
1 0.507762 0.886297 0.204076 0.124545
1 0.593417 0.140234 0.258560 0.179133
1 0.619163 0.383959 0.121500 0.101240
1 0.865269 0.500004 0.049844 0.043617
1 0.654211 0.023365 0.057632 0.046730
1 0.788161 0.031158 0.038942 0.043617
2 0.797507 0.661999 0.141743 0.149532
2 0.965343 0.633179 0.069315 0.297511
2 0.895637 0.693929 0.091899 0.210286
2 0.556075 0.565421 0.141743 0.115265
0 0.773365 0.228222 0.068534 0.020191
0 0.732827 0.202303 0.022099 0.026808
2 0.770772 0.874354 0.083070 0.107736
2 0.925239 0.884089 0.051917 0.036349
2 0.300889 0.295386 0.129792 0.092316
1 0.649406 0.688734 0.040234 0.024666
1 0.670173 0.826977 0.022064 0.020772
1 0.631232 0.919137 0.037641 0.028560
0 0.845408 0.238322 0.081778 0.022073
